0 0 20
0.10000000000000001 0 50
0.20000000000000001 1073 50
0.30000000000000004 2145 50
0.40000000000000002 3217 50
0.5 4289 50
0.59999999999999998 5361 50
0.69999999999999996 6433 50
0.79999999999999993 7505 50
0.89999999999999991 8577 50
0.99999999999999989 9649 50
1.0999999999999999 10721 50
1.2 11793 50
1.3 12865 50
1.4000000000000001 13937 50
1.5000000000000002 16081 50
1.6000000000000003 17153 50
1.7000000000000004 18225 50
1.8000000000000005 19297 50
1.9000000000000006 19297 50
2.0000000000000004 19297 50
2.1000000000000005 19297 9
2.2000000000000006 19297 9
2.3000000000000007 19297 9
2.4000000000000008 19297 9
2.5000000000000009 19297 9
2.600000000000001 19297 9
2.7000000000000011 19297 9
2.8000000000000012 19297 9
2.9000000000000012 19297 9
3.0000000000000013 19297 9
3.1000000000000014 19297 9
3.2000000000000015 19297 9
3.3000000000000016 19297 9
3.4000000000000017 19297 9
3.5000000000000018 19297 9
3.6000000000000019 19297 9
3.700000000000002 19297 9
3.800000000000002 19297 9
3.9000000000000021 10721 4
4.0000000000000018 10721 4
4.1000000000000014 12329 4
4.2000000000000011 13937 4
4.3000000000000007 13937 4
4.4000000000000004 15545 4
4.5 15545 4
4.5999999999999996 16617 4
4.6999999999999993 16617 4
4.7999999999999989 17689 4
4.8999999999999986 17689 4
4.9999999999999982 18761 4
5.0999999999999979 18761 4
5.1999999999999975 19833 4
5.2999999999999972 21441 4
5.3999999999999968 21441 4
5.4999999999999964 21977 4
5.5999999999999961 22513 4
5.6999999999999957 23049 4
5.7999999999999954 23585 4
5.899999999999995 24657 4
5.9999999999999947 25193 4
6.0999999999999943 25729 4
6.199999999999994 26265 4
6.2999999999999936 26801 4
6.3999999999999932 27873 4
6.4999999999999929 28945 4
6.5999999999999925 29481 4
6.6999999999999922 30017 4
6.7999999999999918 30553 4
6.8999999999999915 31089 4
6.9999999999999911 31625 4
7.0999999999999908 32161 4
7.1999999999999904 33233 4
7.2999999999999901 33769 4
7.3999999999999897 34305 4
7.4999999999999893 35377 4
7.599999999999989 35913 4
7.6999999999999886 36449 4
7.7999999999999883 36985 4
7.8999999999999879 37521 4
7.9999999999999876 38593 4
8.0999999999999872 39129 4
8.1999999999999869 39665 4
8.2999999999999865 40201 4
8.3999999999999861 40737 4
8.4999999999999858 41273 4
8.5999999999999854 41809 4
8.6999999999999851 42881 4
8.7999999999999847 43953 4
8.8999999999999844 44489 4
8.999999999999984 45025 4
9.0999999999999837 45561 4
9.1999999999999833 46097 4
9.2999999999999829 46633 4
9.3999999999999826 47169 4
9.4999999999999822 47705 4
9.5999999999999819 48241 4
9.6999999999999815 48777 4
9.7999999999999812 48777 4
9.8999999999999808 48777 5
9.9999999999999805 48777 5
10.09999999999998 48777 5
10.19999999999998 49313 5
10.299999999999979 49849 5
10.399999999999979 50385 5
10.499999999999979 50921 5
10.599999999999978 51457 5
10.699999999999978 51993 5
10.799999999999978 52529 5
10.899999999999977 53065 5
10.999999999999977 53601 5
11.099999999999977 55209 5
11.199999999999976 55745 5
11.299999999999976 56281 5
11.399999999999975 56817 5
11.499999999999975 57353 5
11.599999999999975 58425 5
11.699999999999974 58961 5
11.799999999999974 59497 5
11.899999999999974 60033 5
11.999999999999973 60569 5
12.099999999999973 61105 5
12.199999999999973 61641 5
12.299999999999972 63249 5
12.399999999999972 63785 5
12.499999999999972 64321 5
12.599999999999971 64857 5
12.699999999999971 65393 5
12.799999999999971 65929 5
12.89999999999997 66465 5
12.99999999999997 67001 5
13.099999999999969 68073 5
13.199999999999969 68609 5
13.299999999999969 69145 5
13.399999999999968 70217 5
13.499999999999968 70753 5
13.599999999999968 71289 5
13.699999999999967 71825 5
13.799999999999967 72361 5
13.899999999999967 72897 5
13.999999999999966 73969 5
14.099999999999966 74505 5
14.199999999999966 75041 5
14.299999999999965 75577 5
14.399999999999965 76113 5
14.499999999999964 76649 5
14.599999999999964 77721 5
14.699999999999964 78257 5
14.799999999999963 78793 5
14.899999999999963 78793 5
14.999999999999963 78793 5
15.099999999999962 78793 5
15.199999999999962 78793 5
15.299999999999962 78793 5
15.399999999999961 79329 5
15.499999999999961 79865 5
15.599999999999961 80401 5
15.69999999999996 80937 5
15.79999999999996 82009 5
15.899999999999959 82545 5
15.999999999999959 83081 5
16.099999999999959 83617 5
16.19999999999996 84689 5
16.299999999999962 85225 5
16.399999999999963 85761 5
16.499999999999964 86297 5
16.599999999999966 86833 5
16.699999999999967 87369 5
16.799999999999969 88441 5
16.89999999999997 88977 5
16.999999999999972 90049 5
17.099999999999973 90585 5
17.199999999999974 91121 5
17.299999999999976 91657 5
17.399999999999977 92193 5
17.499999999999979 93265 5
17.59999999999998 93801 5
17.699999999999982 94337 5
17.799999999999983 94873 5
17.899999999999984 95409 5
17.999999999999986 95945 5
18.099999999999987 97017 5
18.199999999999989 98089 5
18.29999999999999 98625 5
18.399999999999991 99161 5
18.499999999999993 99697 5
18.599999999999994 100233 5
18.699999999999996 100769 5
18.799999999999997 101305 5
18.899999999999999 101841 5
19 102377 5
19.100000000000001 102913 5
19.200000000000003 103985 5
19.300000000000004 105057 5
19.400000000000006 105593 5
19.500000000000007 106129 5
19.600000000000009 106665 5
19.70000000000001 107201 5
19.800000000000011 107737 5
19.900000000000013 108273 5
20.000000000000014 108809 5
20.100000000000016 108809 5
20.200000000000017 108809 5
20.300000000000018 108809 5
20.40000000000002 108809 5
20.500000000000021 109345 5
20.600000000000023 109881 5
20.700000000000024 110417 5
20.800000000000026 110953 5
20.900000000000027 111489 5
21.000000000000028 112025 5
21.10000000000003 112561 5
21.200000000000031 113097 5
21.300000000000033 113633 5
21.400000000000034 114705 5
21.500000000000036 115241 5
21.600000000000037 115777 5
21.700000000000038 116849 5
21.80000000000004 117385 5
21.900000000000041 118457 5
22.000000000000043 118993 5
22.100000000000044 119529 5
22.200000000000045 120065 5
22.300000000000047 120601 5
22.400000000000048 121137 5
22.50000000000005 121673 5
22.600000000000051 122209 5
22.700000000000053 123281 5
22.800000000000054 124353 5
22.900000000000055 124889 5
23.000000000000057 125425 5
23.100000000000058 125961 5
23.20000000000006 126497 5
23.300000000000061 127033 5
23.400000000000063 128105 5
23.500000000000064 128641 5
23.600000000000065 129177 5
23.700000000000067 129713 5
23.800000000000068 130249 5
23.90000000000007 130785 5
24.000000000000071 131857 5
24.100000000000072 132393 5
24.200000000000074 132929 5
24.300000000000075 134001 5
24.400000000000077 134537 5
24.500000000000078 135073 5
24.60000000000008 135609 5
24.700000000000081 136145 5
24.800000000000082 136681 5
24.900000000000084 137217 5
25.000000000000085 137753 5
25.100000000000087 138289 5
25.200000000000088 138825 5
25.30000000000009 138825 5
25.400000000000091 138825 5
25.500000000000092 138825 5
25.600000000000094 138825 5
25.700000000000095 139361 5
25.800000000000097 139897 5
25.900000000000098 140433 5
26.000000000000099 140969 5
26.100000000000101 141505 5
26.200000000000102 142041 5
26.300000000000104 142577 5
26.400000000000105 143649 5
26.500000000000107 144721 5
26.600000000000108 145257 5
26.700000000000109 145793 5
26.800000000000111 146329 5
26.900000000000112 146865 5
27.000000000000114 147401 5
27.100000000000115 148473 5
27.200000000000117 149009 5
27.300000000000118 149545 5
27.400000000000119 150081 5
27.500000000000121 151153 5
27.600000000000122 151689 5
27.700000000000124 152225 5
27.800000000000125 153297 5
27.900000000000126 153833 5
28.000000000000128 154369 5
28.100000000000129 154905 5
28.200000000000131 155441 5
28.300000000000132 155977 5
28.400000000000134 156513 5
28.500000000000135 157049 5
28.600000000000136 158121 5
28.700000000000138 159193 5
28.800000000000139 159729 5
28.900000000000141 160265 5
29.000000000000142 160801 5
29.100000000000144 161337 5
29.200000000000145 161873 5
29.300000000000146 162409 5
29.400000000000148 162945 5
29.500000000000149 164017 5
29.600000000000151 164553 5
29.700000000000152 165089 5
29.800000000000153 165625 5
29.900000000000155 166697 5
30.000000000000156 167233 5
30.100000000000158 167769 5
30.200000000000159 168305 5
30.300000000000161 168841 5
30.400000000000162 168841 5
30.500000000000163 168841 5
30.600000000000165 168841 5
30.700000000000166 168841 5
30.800000000000168 168841 5
30.900000000000169 169377 5
31.000000000000171 169913 5
31.100000000000172 170985 5
31.200000000000173 171521 5
31.300000000000175 172057 5
31.400000000000176 172593 5
31.500000000000178 173129 5
31.600000000000179 173665 5
31.70000000000018 174737 5
31.800000000000182 175273 5
31.900000000000183 175809 5
32.000000000000185 176345 5
32.100000000000186 176881 5
32.200000000000188 178489 5
32.300000000000189 179025 5
32.40000000000019 179561 5
32.500000000000192 180097 5
32.600000000000193 180633 5
32.700000000000195 181169 5
32.800000000000196 181705 5
32.900000000000198 182241 5
33.000000000000199 183313 5
33.1000000000002 183849 5
33.200000000000202 184385 5
33.300000000000203 184921 5
33.400000000000205 185993 5
33.500000000000206 186529 5
33.600000000000207 187065 5
33.700000000000209 188137 5
33.80000000000021 188673 5
33.900000000000212 189209 5
34.000000000000213 189745 5
34.100000000000215 190281 5
34.200000000000216 190817 5
34.300000000000217 191353 5
34.400000000000219 191889 5
34.50000000000022 192425 5
34.600000000000222 194033 5
34.700000000000223 194569 5
34.800000000000225 195105 5
34.900000000000226 195641 5
35.000000000000227 196177 5
35.100000000000229 196713 5
35.20000000000023 197249 5
35.300000000000232 197785 5
35.400000000000233 198321 5
35.500000000000234 198857 5
35.600000000000236 198857 5
35.700000000000237 198857 5
35.800000000000239 198857 5
35.90000000000024 198857 5
36.000000000000242 199393 5
36.100000000000243 199929 5
36.200000000000244 200465 5
36.300000000000246 201001 5
36.400000000000247 201537 5
36.500000000000249 202073 5
36.60000000000025 202609 5
36.700000000000252 203145 5
36.800000000000253 203681 5
36.900000000000254 205289 5
37.000000000000256 205825 5
37.100000000000257 206361 5
37.200000000000259 206897 5
37.30000000000026 207433 5
37.400000000000261 208505 5
37.500000000000263 209041 5
37.600000000000264 209577 5
37.700000000000266 210113 5
37.800000000000267 210649 5
37.900000000000269 211185 5
38.00000000000027 211721 5
38.100000000000271 213329 5
38.200000000000273 213865 5
38.300000000000274 214401 5
38.400000000000276 214937 5
38.500000000000277 215473 5
38.600000000000279 216009 5
38.70000000000028 216545 5
38.800000000000281 217081 5
38.900000000000283 218153 5
39.000000000000284 218689 5
39.100000000000286 219225 5
39.200000000000287 219761 5
39.300000000000288 220833 5
39.40000000000029 221369 5
39.500000000000291 221905 5
39.600000000000293 222441 5
39.700000000000294 222977 5
39.800000000000296 224049 5
39.900000000000297 224585 5
40.000000000000298 225121 5
40.1000000000003 225657 5
40.200000000000301 226193 5
40.300000000000303 226729 5
40.400000000000304 227265 5
40.500000000000306 228337 5
40.600000000000307 228873 5
40.700000000000308 228873 5
40.80000000000031 228873 5
40.900000000000311 228873 5
41.000000000000313 228873 5
41.100000000000314 228873 5
41.200000000000315 229409 5
41.300000000000317 229945 5
41.400000000000318 230481 5
41.50000000000032 231017 5
41.600000000000321 232089 5
41.700000000000323 232625 5
41.800000000000324 233161 5
41.900000000000325 233697 5
42.000000000000327 234769 5
42.100000000000328 235305 5
42.20000000000033 235841 5
42.300000000000331 236377 5
42.400000000000333 236913 5
42.500000000000334 237449 5
42.600000000000335 238521 5
42.700000000000337 239057 5
42.800000000000338 240129 5
42.90000000000034 240665 5
43.000000000000341 241201 5
43.100000000000342 241737 5
43.200000000000344 242273 5
43.300000000000345 243345 5
43.400000000000347 243881 5
43.500000000000348 244417 5
43.60000000000035 244953 5
43.700000000000351 245489 5
43.800000000000352 246025 5
43.900000000000354 246561 5
44.000000000000355 248169 5
44.100000000000357 248705 5
44.200000000000358 249241 5
44.30000000000036 249777 5
44.400000000000361 250313 5
44.500000000000362 250849 5
44.600000000000364 251385 5
44.700000000000365 251921 5
44.800000000000367 252457 5
44.900000000000368 252993 5
45.000000000000369 254065 5
45.100000000000371 254601 5
45.200000000000372 255673 5
45.300000000000374 256209 5
45.400000000000375 256745 5
45.500000000000377 257281 5
45.600000000000378 257817 5
45.700000000000379 258353 5
45.800000000000381 258889 5
45.900000000000382 258889 5
46.000000000000384 258889 5
46.100000000000385 258889 5
46.200000000000387 258889 5
46.300000000000388 259425 5
46.400000000000389 259961 5
46.500000000000391 260497 5
46.600000000000392 261033 5
46.700000000000394 261569 5
46.800000000000395 262105 5
46.900000000000396 262641 5
47.000000000000398 263177 5
47.100000000000399 263713 5
47.200000000000401 264785 5
47.300000000000402 265321 5
47.400000000000404 265857 5
47.500000000000405 266929 5
47.600000000000406 267465 5
47.700000000000408 268537 5
47.800000000000409 269073 5
47.900000000000411 269609 5
48.000000000000412 270145 5
48.100000000000414 270681 5
48.200000000000415 271217 5
48.300000000000416 271753 5
48.400000000000418 272289 5
48.500000000000419 273361 5
48.600000000000421 273897 5
48.700000000000422 274969 5
48.800000000000423 275505 5
48.900000000000425 276041 5
49.000000000000426 276577 5
49.100000000000428 277113 5
49.200000000000429 278185 5
49.300000000000431 278721 5
49.400000000000432 279257 5
49.500000000000433 279793 5
49.600000000000435 280329 5
49.700000000000436 280865 5
49.800000000000438 281401 5
49.900000000000439 282473 5
50.000000000000441 283009 5
50.100000000000442 284081 5
50.200000000000443 284617 5
50.300000000000445 285153 5
50.400000000000446 285689 5
50.500000000000448 286225 5
50.600000000000449 286761 5
50.70000000000045 287297 5
50.800000000000452 287833 5
50.900000000000453 288369 5
51.000000000000455 288905 5
51.100000000000456 288905 5
51.200000000000458 288905 5
51.300000000000459 288905 5
51.40000000000046 288905 5
51.500000000000462 289441 5
51.600000000000463 289977 5
51.700000000000465 290513 5
51.800000000000466 291049 5
51.900000000000468 291585 5
52.000000000000469 292121 5
52.10000000000047 292657 5
52.200000000000472 293729 5
52.300000000000473 294801 5
52.400000000000475 295337 5
52.500000000000476 295873 5
52.600000000000477 296409 5
52.700000000000479 296945 5
52.80000000000048 297481 5
52.900000000000482 298553 5
53.000000000000483 299089 5
53.100000000000485 299625 5
53.200000000000486 300161 5
53.300000000000487 300697 5
53.400000000000489 301769 5
53.50000000000049 302305 5
53.600000000000492 303377 5
53.700000000000493 303913 5
53.800000000000495 304449 5
53.900000000000496 304985 5
54.000000000000497 305521 5
54.100000000000499 306057 5
54.2000000000005 306593 5
54.300000000000502 307129 5
54.400000000000503 308201 5
54.500000000000504 308737 5
54.600000000000506 309809 5
54.700000000000507 310345 5
54.800000000000509 310881 5
54.90000000000051 311417 5
55.000000000000512 311953 5
55.100000000000513 312489 5
55.200000000000514 313025 5
55.300000000000516 314097 5
55.400000000000517 314633 5
55.500000000000519 315169 5
55.60000000000052 315705 5
55.700000000000522 316777 5
55.800000000000523 317313 5
55.900000000000524 317849 5
56.000000000000526 318385 5
56.100000000000527 318921 5
56.200000000000529 318921 5
56.30000000000053 318921 5
56.400000000000531 318921 5
56.500000000000533 318921 5
56.600000000000534 318921 5
56.700000000000536 319457 5
56.800000000000537 319993 5
56.900000000000539 321065 5
57.00000000000054 321601 5
57.100000000000541 322137 5
57.200000000000543 322673 5
57.300000000000544 323209 5
57.400000000000546 323745 5
57.500000000000547 324817 5
57.600000000000549 325353 5
57.70000000000055 325889 5
57.800000000000551 326425 5
57.900000000000553 326961 5
58.000000000000554 327497 5
58.100000000000556 329105 5
58.200000000000557 329641 5
58.300000000000558 330177 5
58.40000000000056 330713 5
58.500000000000561 331249 5
58.600000000000563 331785 5
58.700000000000564 332321 5
58.800000000000566 333393 5
58.900000000000567 333929 5
59.000000000000568 334465 5
59.10000000000057 335001 5
59.200000000000571 335537 5
59.300000000000573 336609 5
59.400000000000574 337145 5
59.500000000000576 338217 5
59.600000000000577 338753 5
59.700000000000578 339289 5
59.80000000000058 339825 5
59.900000000000581 340361 5
