0 1 1
0.10000000000000001 1 1
0.20000000000000001 2 2
0.30000000000000004 3 3
0.40000000000000002 4 4
0.5 5 5
0.59999999999999998 6 6
0.69999999999999996 7 7
0.79999999999999993 8 8
0.89999999999999991 9 9
0.99999999999999989 10 10
1.0999999999999999 11 11
1.2 12 12
1.3 13 13
1.4000000000000001 14 14
1.5000000000000002 16 16
1.6000000000000003 17 17
1.7000000000000004 18 18
1.8000000000000005 19 19
1.9000000000000006 19 19
2.0000000000000004 19 19
2.1000000000000005 12 12
2.2000000000000006 13 13
2.3000000000000007 14 14
2.4000000000000008 15 15
2.5000000000000009 16 16
2.600000000000001 17 17
2.7000000000000011 9.11111 9.11111
2.8000000000000012 9.11111 9.11111
2.9000000000000012 9.11111 9.11111
3.0000000000000013 9.11111 9.11111
3.1000000000000014 9.11111 9.11111
3.2000000000000015 9.11111 9.11111
3.3000000000000016 9.11111 9.11111
3.4000000000000017 9.11111 9.11111
3.5000000000000018 9.11111 9.11111
3.6000000000000019 9.11111 9.11111
3.700000000000002 9.11111 9.11111
3.800000000000002 9.11111 9.11111
3.9000000000000021 1 1
4.0000000000000018 1 1
4.1000000000000014 2 2
4.2000000000000011 3 3
4.3000000000000007 3 3
4.4000000000000004 4 4
4.5 4 4
4.5999999999999996 4.25 4.25
4.6999999999999993 4.25 4.25
4.7999999999999989 4.48529 4.48529
4.8999999999999986 4.48529 4.48529
4.9999999999999982 4.70824 4.70824
5.0999999999999979 4.70824 4.70824
5.1999999999999975 4.92064 4.92064
5.2999999999999972 5.12386 5.12386
5.3999999999999968 5.12386 5.12386
5.4999999999999964 5.31903 5.31903
5.5999999999999961 5.50703 5.50703
5.6999999999999957 5.68862 5.68862
5.7999999999999954 5.86441 5.86441
5.899999999999995 6.03493 6.03493
5.9999999999999947 6.20063 6.20063
6.0999999999999943 6.36191 6.36191
6.199999999999994 6.51909 6.51909
6.2999999999999936 6.67249 6.67249
6.3999999999999932 6.96893 6.96893
6.4999999999999929 7.11243 7.11243
6.5999999999999925 7.25303 7.25303
6.6999999999999922 7.3909 7.3909
6.7999999999999918 7.5262 7.5262
6.8999999999999915 7.65907 7.65907
6.9999999999999911 7.78963 7.78963
7.0999999999999908 7.91801 7.91801
7.1999999999999904 8.0443 8.0443
7.2999999999999901 8.16862 8.16862
7.3999999999999897 8.29104 8.29104
7.4999999999999893 8.53053 8.53053
7.599999999999989 8.64776 8.64776
7.6999999999999886 8.76339 8.76339
7.7999999999999883 8.8775 8.8775
7.8999999999999879 8.99015 8.99015
7.9999999999999876 9.10138 9.10138
8.0999999999999872 9.21125 9.21125
8.1999999999999869 9.31982 9.31982
8.2999999999999865 9.42712 9.42712
8.3999999999999861 9.53319 9.53319
8.4999999999999858 9.63809 9.63809
8.5999999999999854 9.74184 9.74184
8.6999999999999851 9.94607 9.94607
8.7999999999999847 10.0466 10.0466
8.8999999999999844 10.1462 10.1462
8.999999999999984 10.2447 10.2447
9.0999999999999837 10.3423 10.3423
9.1999999999999833 10.439 10.439
9.2999999999999829 10.5348 10.5348
9.3999999999999826 10.6297 10.6297
9.4999999999999822 10.7238 10.7238
9.5999999999999819 10.8171 10.8171
9.6999999999999815 10.9095 10.9095
9.7999999999999812 10.9095 10.9095
9.8999999999999808 8 8
9.9999999999999805 9 9
10.09999999999998 10 10
10.19999999999998 11 11
10.299999999999979 12 12
10.399999999999979 13 13
10.499999999999979 14 14
10.599999999999978 5.2 5.2
10.699999999999978 5.39231 5.39231
10.799999999999978 5.57776 5.57776
10.899999999999977 5.75704 5.75704
10.999999999999977 5.93074 5.93074
11.099999999999977 6.26331 6.26331
11.199999999999976 6.42297 6.42297
11.299999999999976 6.57866 6.57866
11.399999999999975 6.73066 6.73066
11.499999999999975 6.87924 6.87924
11.599999999999975 7.0246 7.0246
11.699999999999974 7.16696 7.16696
11.799999999999974 7.30649 7.30649
11.899999999999974 7.44335 7.44335
11.999999999999973 7.5777 7.5777
12.099999999999973 7.70967 7.70967
12.199999999999973 7.83937 7.83937
12.299999999999972 8.09245 8.09245
12.399999999999972 8.21603 8.21603
12.499999999999972 8.33774 8.33774
12.599999999999971 8.45768 8.45768
12.699999999999971 8.57591 8.57591
12.799999999999971 8.69252 8.69252
12.89999999999997 8.80756 8.80756
12.99999999999997 8.9211 8.9211
13.099999999999969 9.03319 9.03319
13.199999999999969 9.14389 9.14389
13.299999999999969 9.25326 9.25326
13.399999999999968 9.46815 9.46815
13.499999999999968 9.57377 9.57377
13.599999999999968 9.67822 9.67822
13.699999999999967 9.78154 9.78154
13.799999999999967 9.88378 9.88378
13.899999999999967 9.98495 9.98495
13.999999999999966 10.0851 10.0851
14.099999999999966 10.1843 10.1843
14.199999999999966 10.2825 10.2825
14.299999999999965 10.3797 10.3797
14.399999999999965 10.476 10.476
14.499999999999964 10.5715 10.5715
14.599999999999964 10.7599 10.7599
14.699999999999964 10.8528 10.8528
14.799999999999963 10.9449 10.9449
14.899999999999963 10.9449 10.9449
14.999999999999963 10.9449 10.9449
15.099999999999962 8 8
15.199999999999962 9 9
15.299999999999962 10 10
15.399999999999961 11 11
15.499999999999961 12 12
15.599999999999961 13 13
15.69999999999996 14 14
15.79999999999996 5.39231 5.39231
15.899999999999959 5.57776 5.57776
15.999999999999959 5.75704 5.75704
16.099999999999959 5.93074 5.93074
16.19999999999996 6.09935 6.09935
16.299999999999962 6.26331 6.26331
16.399999999999963 6.42297 6.42297
16.499999999999964 6.57866 6.57866
16.599999999999966 6.73066 6.73066
16.699999999999967 6.87924 6.87924
16.799999999999969 7.0246 7.0246
16.89999999999997 7.16696 7.16696
16.999999999999972 7.44335 7.44335
17.099999999999973 7.5777 7.5777
17.199999999999974 7.70967 7.70967
17.299999999999976 7.83937 7.83937
17.399999999999977 7.96694 7.96694
17.499999999999979 8.09245 8.09245
17.59999999999998 8.21603 8.21603
17.699999999999982 8.33774 8.33774
17.799999999999983 8.45768 8.45768
17.899999999999984 8.57591 8.57591
17.999999999999986 8.69252 8.69252
18.099999999999987 8.9211 8.9211
18.199999999999989 9.03319 9.03319
18.29999999999999 9.14389 9.14389
18.399999999999991 9.25326 9.25326
18.499999999999993 9.36133 9.36133
18.599999999999994 9.46815 9.46815
18.699999999999996 9.57377 9.57377
18.799999999999997 9.67822 9.67822
18.899999999999999 9.78154 9.78154
19 9.88378 9.88378
19.100000000000001 9.98495 9.98495
19.200000000000003 10.0851 10.0851
19.300000000000004 10.2825 10.2825
19.400000000000006 10.3797 10.3797
19.500000000000007 10.476 10.476
19.600000000000009 10.5715 10.5715
19.70000000000001 10.6661 10.6661
19.800000000000011 10.7599 10.7599
19.900000000000013 10.8528 10.8528
20.000000000000014 10.9449 10.9449
20.100000000000016 10.9449 10.9449
20.200000000000017 10.9449 10.9449
20.300000000000018 8 8
20.40000000000002 9 9
20.500000000000021 11 11
20.600000000000023 12 12
20.700000000000024 13 13
20.800000000000026 14 14
20.900000000000027 5.2 5.2
21.000000000000028 5.39231 5.39231
21.10000000000003 5.57776 5.57776
21.200000000000031 5.75704 5.75704
21.300000000000033 5.93074 5.93074
21.400000000000034 6.09935 6.09935
21.500000000000036 6.26331 6.26331
21.600000000000037 6.42297 6.42297
21.700000000000038 6.73066 6.73066
21.80000000000004 6.87924 6.87924
21.900000000000041 7.0246 7.0246
22.000000000000043 7.16696 7.16696
22.100000000000044 7.30649 7.30649
22.200000000000045 7.44335 7.44335
22.300000000000047 7.5777 7.5777
22.400000000000048 7.70967 7.70967
22.50000000000005 7.83937 7.83937
22.600000000000051 7.96694 7.96694
22.700000000000053 8.09245 8.09245
22.800000000000054 8.33774 8.33774
22.900000000000055 8.45768 8.45768
23.000000000000057 8.57591 8.57591
23.100000000000058 8.69252 8.69252
23.20000000000006 8.80756 8.80756
23.300000000000061 8.9211 8.9211
23.400000000000063 9.03319 9.03319
23.500000000000064 9.14389 9.14389
23.600000000000065 9.25326 9.25326
23.700000000000067 9.36133 9.36133
23.800000000000068 9.46815 9.46815
23.90000000000007 9.57377 9.57377
24.000000000000071 9.78154 9.78154
24.100000000000072 9.88378 9.88378
24.200000000000074 9.98495 9.98495
24.300000000000075 10.0851 10.0851
24.400000000000077 10.1843 10.1843
24.500000000000078 10.2825 10.2825
24.60000000000008 10.3797 10.3797
24.700000000000081 10.476 10.476
24.800000000000082 10.5715 10.5715
24.900000000000084 10.6661 10.6661
25.000000000000085 10.7599 10.7599
25.100000000000087 10.8528 10.8528
25.200000000000088 10.9449 10.9449
25.30000000000009 10.9449 10.9449
25.400000000000091 8 8
25.500000000000092 9 9
25.600000000000094 10 10
25.700000000000095 11 11
25.800000000000097 12 12
25.900000000000098 13 13
26.000000000000099 14 14
26.100000000000101 5.2 5.2
26.200000000000102 5.39231 5.39231
26.300000000000104 5.57776 5.57776
26.400000000000105 5.93074 5.93074
26.500000000000107 6.09935 6.09935
26.600000000000108 6.26331 6.26331
26.700000000000109 6.42297 6.42297
26.800000000000111 6.57866 6.57866
26.900000000000112 6.73066 6.73066
27.000000000000114 6.87924 6.87924
27.100000000000115 7.0246 7.0246
27.200000000000117 7.16696 7.16696
27.300000000000118 7.30649 7.30649
27.400000000000119 7.44335 7.44335
27.500000000000121 7.70967 7.70967
27.600000000000122 7.83937 7.83937
27.700000000000124 7.96694 7.96694
27.800000000000125 8.09245 8.09245
27.900000000000126 8.21603 8.21603
28.000000000000128 8.33774 8.33774
28.100000000000129 8.45768 8.45768
28.200000000000131 8.57591 8.57591
28.300000000000132 8.69252 8.69252
28.400000000000134 8.80756 8.80756
28.500000000000135 8.9211 8.9211
28.600000000000136 9.03319 9.03319
28.700000000000138 9.25326 9.25326
28.800000000000139 9.36133 9.36133
28.900000000000141 9.46815 9.46815
29.000000000000142 9.57377 9.57377
29.100000000000144 9.67822 9.67822
29.200000000000145 9.78154 9.78154
29.300000000000146 9.88378 9.88378
29.400000000000148 9.98495 9.98495
29.500000000000149 10.0851 10.0851
29.600000000000151 10.1843 10.1843
29.700000000000152 10.2825 10.2825
29.800000000000153 10.3797 10.3797
29.900000000000155 10.5715 10.5715
30.000000000000156 10.6661 10.6661
30.100000000000158 10.7599 10.7599
30.200000000000159 10.8528 10.8528
30.300000000000161 10.9449 10.9449
30.400000000000162 10.9449 10.9449
30.500000000000163 10.9449 10.9449
30.600000000000165 8 8
30.700000000000166 9 9
30.800000000000168 10 10
30.900000000000169 11 11
31.000000000000171 12 12
31.100000000000172 14 14
31.200000000000173 5.2 5.2
31.300000000000175 5.39231 5.39231
31.400000000000176 5.57776 5.57776
31.500000000000178 5.75704 5.75704
31.600000000000179 5.93074 5.93074
31.70000000000018 6.09935 6.09935
31.800000000000182 6.26331 6.26331
31.900000000000183 6.42297 6.42297
32.000000000000185 6.57866 6.57866
32.100000000000186 6.73066 6.73066
32.200000000000188 7.0246 7.0246
32.300000000000189 7.16696 7.16696
32.40000000000019 7.30649 7.30649
32.500000000000192 7.44335 7.44335
32.600000000000193 7.5777 7.5777
32.700000000000195 7.70967 7.70967
32.800000000000196 7.83937 7.83937
32.900000000000198 7.96694 7.96694
33.000000000000199 8.09245 8.09245
33.1000000000002 8.21603 8.21603
33.200000000000202 8.33774 8.33774
33.300000000000203 8.45768 8.45768
33.400000000000205 8.69252 8.69252
33.500000000000206 8.80756 8.80756
33.600000000000207 8.9211 8.9211
33.700000000000209 9.03319 9.03319
33.80000000000021 9.14389 9.14389
33.900000000000212 9.25326 9.25326
34.000000000000213 9.36133 9.36133
34.100000000000215 9.46815 9.46815
34.200000000000216 9.57377 9.57377
34.300000000000217 9.67822 9.67822
34.400000000000219 9.78154 9.78154
34.50000000000022 9.88378 9.88378
34.600000000000222 10.0851 10.0851
34.700000000000223 10.1843 10.1843
34.800000000000225 10.2825 10.2825
34.900000000000226 10.3797 10.3797
35.000000000000227 10.476 10.476
35.100000000000229 10.5715 10.5715
35.20000000000023 10.6661 10.6661
35.300000000000232 10.7599 10.7599
35.400000000000233 10.8528 10.8528
35.500000000000234 10.9449 10.9449
35.600000000000236 10.9449 10.9449
35.700000000000237 10.9449 10.9449
35.800000000000239 9 9
35.90000000000024 10 10
36.000000000000242 11 11
36.100000000000243 12 12
36.200000000000244 13 13
36.300000000000246 14 14
36.400000000000247 5.2 5.2
36.500000000000249 5.39231 5.39231
36.60000000000025 5.57776 5.57776
36.700000000000252 5.75704 5.75704
36.800000000000253 5.93074 5.93074
36.900000000000254 6.26331 6.26331
37.000000000000256 6.42297 6.42297
37.100000000000257 6.57866 6.57866
37.200000000000259 6.73066 6.73066
37.30000000000026 6.87924 6.87924
37.400000000000261 7.0246 7.0246
37.500000000000263 7.16696 7.16696
37.600000000000264 7.30649 7.30649
37.700000000000266 7.44335 7.44335
37.800000000000267 7.5777 7.5777
37.900000000000269 7.70967 7.70967
38.00000000000027 7.83937 7.83937
38.100000000000271 8.09245 8.09245
38.200000000000273 8.21603 8.21603
38.300000000000274 8.33774 8.33774
38.400000000000276 8.45768 8.45768
38.500000000000277 8.57591 8.57591
38.600000000000279 8.69252 8.69252
38.70000000000028 8.80756 8.80756
38.800000000000281 8.9211 8.9211
38.900000000000283 9.03319 9.03319
39.000000000000284 9.14389 9.14389
39.100000000000286 9.25326 9.25326
39.200000000000287 9.36133 9.36133
39.300000000000288 9.57377 9.57377
39.40000000000029 9.67822 9.67822
39.500000000000291 9.78154 9.78154
39.600000000000293 9.88378 9.88378
39.700000000000294 9.98495 9.98495
39.800000000000296 10.0851 10.0851
39.900000000000297 10.1843 10.1843
40.000000000000298 10.2825 10.2825
40.1000000000003 10.3797 10.3797
40.200000000000301 10.476 10.476
40.300000000000303 10.5715 10.5715
40.400000000000304 10.6661 10.6661
40.500000000000306 10.8528 10.8528
40.600000000000307 10.9449 10.9449
40.700000000000308 10.9449 10.9449
40.80000000000031 10.9449 10.9449
40.900000000000311 8 8
41.000000000000313 9 9
41.100000000000314 10 10
41.200000000000315 11 11
41.300000000000317 12 12
41.400000000000318 13 13
41.50000000000032 14 14
41.600000000000321 5.39231 5.39231
41.700000000000323 5.57776 5.57776
41.800000000000324 5.75704 5.75704
41.900000000000325 5.93074 5.93074
42.000000000000327 6.09935 6.09935
42.100000000000328 6.26331 6.26331
42.20000000000033 6.42297 6.42297
42.300000000000331 6.57866 6.57866
42.400000000000333 6.73066 6.73066
42.500000000000334 6.87924 6.87924
42.600000000000335 7.0246 7.0246
42.700000000000337 7.16696 7.16696
42.800000000000338 7.44335 7.44335
42.90000000000034 7.5777 7.5777
43.000000000000341 7.70967 7.70967
43.100000000000342 7.83937 7.83937
43.200000000000344 7.96694 7.96694
43.300000000000345 8.09245 8.09245
43.400000000000347 8.21603 8.21603
43.500000000000348 8.33774 8.33774
43.60000000000035 8.45768 8.45768
43.700000000000351 8.57591 8.57591
43.800000000000352 8.69252 8.69252
43.900000000000354 8.80756 8.80756
44.000000000000355 9.03319 9.03319
44.100000000000357 9.14389 9.14389
44.200000000000358 9.25326 9.25326
44.30000000000036 9.36133 9.36133
44.400000000000361 9.46815 9.46815
44.500000000000362 9.57377 9.57377
44.600000000000364 9.67822 9.67822
44.700000000000365 9.78154 9.78154
44.800000000000367 9.88378 9.88378
44.900000000000368 9.98495 9.98495
45.000000000000369 10.0851 10.0851
45.100000000000371 10.1843 10.1843
45.200000000000372 10.3797 10.3797
45.300000000000374 10.476 10.476
45.400000000000375 10.5715 10.5715
45.500000000000377 10.6661 10.6661
45.600000000000378 10.7599 10.7599
45.700000000000379 10.8528 10.8528
45.800000000000381 10.9449 10.9449
45.900000000000382 10.9449 10.9449
46.000000000000384 10.9449 10.9449
46.100000000000385 8 8
46.200000000000387 9 9
46.300000000000388 11 11
46.400000000000389 12 12
46.500000000000391 13 13
46.600000000000392 14 14
46.700000000000394 5.2 5.2
46.800000000000395 5.39231 5.39231
46.900000000000396 5.57776 5.57776
47.000000000000398 5.75704 5.75704
47.100000000000399 5.93074 5.93074
47.200000000000401 6.09935 6.09935
47.300000000000402 6.26331 6.26331
47.400000000000404 6.42297 6.42297
47.500000000000405 6.73066 6.73066
47.600000000000406 6.87924 6.87924
47.700000000000408 7.0246 7.0246
47.800000000000409 7.16696 7.16696
47.900000000000411 7.30649 7.30649
48.000000000000412 7.44335 7.44335
48.100000000000414 7.5777 7.5777
48.200000000000415 7.70967 7.70967
48.300000000000416 7.83937 7.83937
48.400000000000418 7.96694 7.96694
48.500000000000419 8.09245 8.09245
48.600000000000421 8.21603 8.21603
48.700000000000422 8.45768 8.45768
48.800000000000423 8.57591 8.57591
48.900000000000425 8.69252 8.69252
49.000000000000426 8.80756 8.80756
49.100000000000428 8.9211 8.9211
49.200000000000429 9.03319 9.03319
49.300000000000431 9.14389 9.14389
49.400000000000432 9.25326 9.25326
49.500000000000433 9.36133 9.36133
49.600000000000435 9.46815 9.46815
49.700000000000436 9.57377 9.57377
49.800000000000438 9.67822 9.67822
49.900000000000439 9.88378 9.88378
50.000000000000441 9.98495 9.98495
50.100000000000442 10.0851 10.0851
50.200000000000443 10.1843 10.1843
50.300000000000445 10.2825 10.2825
50.400000000000446 10.3797 10.3797
50.500000000000448 10.476 10.476
50.600000000000449 10.5715 10.5715
50.70000000000045 10.6661 10.6661
50.800000000000452 10.7599 10.7599
50.900000000000453 10.8528 10.8528
51.000000000000455 10.9449 10.9449
51.100000000000456 10.9449 10.9449
51.200000000000458 8 8
51.300000000000459 9 9
51.40000000000046 10 10
51.500000000000462 11 11
51.600000000000463 12 12
51.700000000000465 13 13
51.800000000000466 14 14
51.900000000000468 5.2 5.2
52.000000000000469 5.39231 5.39231
52.10000000000047 5.57776 5.57776
52.200000000000472 5.93074 5.93074
52.300000000000473 6.09935 6.09935
52.400000000000475 6.26331 6.26331
52.500000000000476 6.42297 6.42297
52.600000000000477 6.57866 6.57866
52.700000000000479 6.73066 6.73066
52.80000000000048 6.87924 6.87924
52.900000000000482 7.0246 7.0246
53.000000000000483 7.16696 7.16696
53.100000000000485 7.30649 7.30649
53.200000000000486 7.44335 7.44335
53.300000000000487 7.5777 7.5777
53.400000000000489 7.83937 7.83937
53.50000000000049 7.96694 7.96694
53.600000000000492 8.09245 8.09245
53.700000000000493 8.21603 8.21603
53.800000000000495 8.33774 8.33774
53.900000000000496 8.45768 8.45768
54.000000000000497 8.57591 8.57591
54.100000000000499 8.69252 8.69252
54.2000000000005 8.80756 8.80756
54.300000000000502 8.9211 8.9211
54.400000000000503 9.03319 9.03319
54.500000000000504 9.14389 9.14389
54.600000000000506 9.36133 9.36133
54.700000000000507 9.46815 9.46815
54.800000000000509 9.57377 9.57377
54.90000000000051 9.67822 9.67822
55.000000000000512 9.78154 9.78154
55.100000000000513 9.88378 9.88378
55.200000000000514 9.98495 9.98495
55.300000000000516 10.0851 10.0851
55.400000000000517 10.1843 10.1843
55.500000000000519 10.2825 10.2825
55.60000000000052 10.3797 10.3797
55.700000000000522 10.5715 10.5715
55.800000000000523 10.6661 10.6661
55.900000000000524 10.7599 10.7599
56.000000000000526 10.8528 10.8528
56.100000000000527 10.9449 10.9449
56.200000000000529 10.9449 10.9449
56.30000000000053 10.9449 10.9449
56.400000000000531 8 8
56.500000000000533 9 9
56.600000000000534 10 10
56.700000000000536 11 11
56.800000000000537 12 12
56.900000000000539 14 14
57.00000000000054 5.2 5.2
57.100000000000541 5.39231 5.39231
57.200000000000543 5.57776 5.57776
57.300000000000544 5.75704 5.75704
57.400000000000546 5.93074 5.93074
57.500000000000547 6.09935 6.09935
57.600000000000549 6.26331 6.26331
57.70000000000055 6.42297 6.42297
57.800000000000551 6.57866 6.57866
57.900000000000553 6.73066 6.73066
58.000000000000554 6.87924 6.87924
58.100000000000556 7.16696 7.16696
58.200000000000557 7.30649 7.30649
58.300000000000558 7.44335 7.44335
58.40000000000056 7.5777 7.5777
58.500000000000561 7.70967 7.70967
58.600000000000563 7.83937 7.83937
58.700000000000564 7.96694 7.96694
58.800000000000566 8.09245 8.09245
58.900000000000567 8.21603 8.21603
59.000000000000568 8.33774 8.33774
59.10000000000057 8.45768 8.45768
59.200000000000571 8.57591 8.57591
59.300000000000573 8.80756 8.80756
59.400000000000574 8.9211 8.9211
59.500000000000576 9.03319 9.03319
59.600000000000577 9.14389 9.14389
59.700000000000578 9.25326 9.25326
59.80000000000058 9.36133 9.36133
59.900000000000581 9.46815 9.46815
