0 0 20
0.10000000000000001 3 50
0.20000000000000001 15 50
0.30000000000000004 35 50
0.40000000000000002 71 50
0.5 95 23
0.59999999999999998 95 23
0.69999999999999996 95 23
0.79999999999999993 95 23
0.89999999999999991 52 11
0.99999999999999989 62 11
1.0999999999999999 73 11
1.2 91 11
1.3 109 11
1.4000000000000001 128 11
1.5000000000000002 147 11
1.6000000000000003 167 11
1.7000000000000004 186 11
1.8000000000000005 205 11
1.9000000000000006 224 11
2.0000000000000004 243 11
2.1000000000000005 261 11
2.2000000000000006 280 11
2.3000000000000007 299 11
2.4000000000000008 306 11
2.5000000000000009 324 11
2.600000000000001 284 5
2.7000000000000011 340 5
2.8000000000000012 348 5
2.9000000000000012 360 5
3.0000000000000013 375 5
3.1000000000000014 390 5
3.2000000000000015 408 5
3.3000000000000016 421 5
3.4000000000000017 434 5
3.5000000000000018 437 7
3.6000000000000019 441 7
3.700000000000002 442 7
3.800000000000002 442 7
3.9000000000000021 444 3
4.0000000000000018 447 3
4.1000000000000014 451 3
4.2000000000000011 461 3
4.3000000000000007 467 3
4.4000000000000004 478 3
4.5 488 3
4.5999999999999996 498 3
4.6999999999999993 506 3
4.7999999999999989 515 3
4.8999999999999986 529 3
4.9999999999999982 535 6
5.0999999999999979 546 6
5.1999999999999975 557 6
5.2999999999999972 573 6
5.3999999999999968 584 6
5.4999999999999964 596 6
5.5999999999999961 601 6
5.6999999999999957 607 6
5.7999999999999954 612 3
5.899999999999995 618 3
5.9999999999999947 623 3
6.0999999999999943 632 3
6.199999999999994 642 3
6.2999999999999936 650 3
6.3999999999999932 659 3
6.4999999999999929 664 4
6.5999999999999925 669 4
6.6999999999999922 676 4
6.7999999999999918 688 4
6.8999999999999915 696 4
6.9999999999999911 705 4
7.0999999999999908 708 4
7.1999999999999904 715 4
7.2999999999999901 718 2
7.3999999999999897 721 2
7.4999999999999893 726 2
7.599999999999989 736 2
7.6999999999999886 742 2
7.7999999999999883 749 2
7.8999999999999879 757 2
7.9999999999999876 768 2
8.0999999999999872 780 5
8.1999999999999869 785 5
8.2999999999999865 793 5
8.3999999999999861 803 5
8.4999999999999858 812 5
8.5999999999999854 821 5
8.6999999999999851 836 5
8.7999999999999847 840 5
8.8999999999999844 846 5
8.999999999999984 858 5
9.0999999999999837 866 5
9.1999999999999833 875 5
9.2999999999999829 885 5
9.3999999999999826 891 5
9.4999999999999822 902 5
9.5999999999999819 909 5
9.6999999999999815 924 5
9.7999999999999812 936 5
9.8999999999999808 946 5
9.9999999999999805 956 5
