0 1 1
0.10000000000000001 2 1
0.20000000000000001 8 1
0.30000000000000004 18 1
0.40000000000000002 36 1
0.5 23.5 1
0.59999999999999998 23.5 1
0.69999999999999996 23.5426 1
0.79999999999999993 23.5426 1
0.89999999999999991 2 1
0.99999999999999989 5 1
1.0999999999999999 9 1
1.2 11.5346 1
1.3 12.2927 1
1.4000000000000001 13.6828 1
1.5000000000000002 14.9435 1
1.6000000000000003 16.1054 1
1.7000000000000004 17.1886 1
1.8000000000000005 18.2073 1
1.9000000000000006 19.1718 1
2.0000000000000004 20.0899 1
2.1000000000000005 20.9678 1
2.2000000000000006 21.8102 1
2.3000000000000007 22.6213 1
2.4000000000000008 11.3988 1
2.5000000000000009 11.3988 1
2.600000000000001 1 1
2.7000000000000011 5.2 1
2.8000000000000012 6.42297 1
2.9000000000000012 7.96694 1
3.0000000000000013 9.46815 1
3.1000000000000014 10.8528 2
3.2000000000000015 12.2435 4
3.3000000000000016 13.1901 9
3.4000000000000017 14.0728 16
3.5000000000000018 7.07193 11.5
3.6000000000000019 7.07193 11.587
3.700000000000002 7.21333 11.587
3.800000000000002 7.21333 11.587
3.9000000000000021 2 2
4.0000000000000018 3.33333 4
4.1000000000000014 4.16441 5.57776
4.2000000000000011 5.97588 6.09935
4.3000000000000007 6.77034 7.83937
4.4000000000000004 8.00038 9.03319
4.5 9.06265 9.98495
4.5999999999999996 10.0116 10.8528
4.6999999999999993 10.7845 11.7415
4.7999999999999989 11.5053 5.95559
4.8999999999999986 12.5882 6.1235
4.9999999999999982 6.37327 7.04551
5.0999999999999979 7.40065 3.79853
5.1999999999999975 8.65607 4.54011
5.2999999999999972 10.1532 5.36499
5.3999999999999968 11.0985 6.55642
5.4999999999999964 12.0524 7.55846
5.5999999999999961 6.10888 8.44047
5.6999999999999957 6.432 9.7667
5.7999999999999954 3.44383 10.8394
5.899999999999995 4.25188 11.899
5.9999999999999947 5.12541 6.15673
6.0999999999999943 6.52029 7.21566
6.199999999999994 7.79064 8.25845
6.2999999999999936 8.64866 9.50492
6.3999999999999932 9.53401 10.5093
6.4999999999999929 4.92264 11.4249
6.5999999999999925 5.12579 12.3534
6.6999999999999922 6.20221 6.3386
6.7999999999999918 7.79088 7.23266
6.8999999999999915 8.64888 8.63073
6.9999999999999911 9.53421 9.72675
7.0999999999999908 4.76711 10.7101
7.1999999999999904 5.55713 11.8663
7.2999999999999901 2.77856 12.7625
7.3999999999999897 3.45709 6.76278
7.4999999999999893 4.49706 7.47235
7.599999999999989 6.04357 8.48315
7.6999999999999886 6.97639 9.80354
7.7999999999999883 7.7963 10.9646
7.8999999999999879 8.65375 5.75043
7.9999999999999876 9.74716 5.92433
8.0999999999999872 5.3173 6.72503
8.1999999999999869 5.50536 7.9622
8.2999999999999865 6.67112 9.3573
8.3999999999999861 7.91686 10.2788
8.4999999999999858 8.87648 11.2134
8.5999999999999854 9.74091 5.60671
8.6999999999999851 11.0003 6.12577
8.7999999999999847 5.5907 7.32847
8.8999999999999844 5.9429 8.82575
8.999999999999984 7.45299 9.69475
9.0999999999999837 8.34633 10.7747
9.1999999999999833 9.26099 5.57064
9.2999999999999829 10.1913 6.09286
9.3999999999999826 5.28913 7.43806
9.4999999999999822 6.33707 7.96199
9.5999999999999819 7.23131 4.69226
9.6999999999999815 8.9727 5.49347
9.7999999999999812 10.031 6.66135
9.8999999999999808 10.9869 7.90866
9.9999999999999805 11.7806 8.98193
