0 0 20
0.10000000000000001 0 50
0.20000000000000001 3 50
0.30000000000000004 3 50
0.40000000000000002 4 2
0.5 4 2
0.59999999999999998 5 2
0.69999999999999996 5 2
0.79999999999999993 5 2
0.89999999999999991 5 2
0.99999999999999989 4 2
1.0999999999999999 6 2
1.2 7 2
1.3 7 2
1.4000000000000001 7 2
1.5000000000000002 7 2
1.6000000000000003 7 2
1.7000000000000004 8 2
1.8000000000000005 8 2
1.9000000000000006 10 2
2.0000000000000004 11 2
2.1000000000000005 11 2
2.2000000000000006 12 2
2.3000000000000007 14 2
2.4000000000000008 14 2
2.5000000000000009 15 2
2.600000000000001 15 2
2.7000000000000011 16 2
2.8000000000000012 17 2
2.9000000000000012 17 2
3.0000000000000013 18 2
3.1000000000000014 20 2
3.2000000000000015 20 2
3.3000000000000016 21 2
3.4000000000000017 21 2
3.5000000000000018 22 2
3.6000000000000019 23 2
3.700000000000002 23 2
3.800000000000002 24 2
3.9000000000000021 26 2
4.0000000000000018 26 2
4.1000000000000014 27 2
4.2000000000000011 27 2
4.3000000000000007 28 2
4.4000000000000004 29 2
4.5 29 2
4.5999999999999996 30 2
4.6999999999999993 31 2
4.7999999999999989 31 2
4.8999999999999986 33 2
4.9999999999999982 33 2
5.0999999999999979 34 2
5.1999999999999975 35 2
5.2999999999999972 35 2
5.3999999999999968 36 2
5.4999999999999964 37 2
5.5999999999999961 37 2
5.6999999999999957 38 2
5.7999999999999954 38 2
5.899999999999995 39 2
5.9999999999999947 40 2
6.0999999999999943 40 2
6.199999999999994 42 2
6.2999999999999936 43 2
6.3999999999999932 43 2
6.4999999999999929 44 2
6.5999999999999925 44 2
6.6999999999999922 45 2
6.7999999999999918 46 2
6.8999999999999915 46 2
6.9999999999999911 47 2
7.0999999999999908 48 2
7.1999999999999904 48 2
7.2999999999999901 49 2
7.3999999999999897 49 2
7.4999999999999893 51 2
7.599999999999989 52 2
7.6999999999999886 52 2
7.7999999999999883 53 2
7.8999999999999879 54 2
7.9999999999999876 54 2
8.0999999999999872 55 2
8.1999999999999869 55 2
8.2999999999999865 56 2
8.3999999999999861 57 2
8.4999999999999858 57 2
8.5999999999999854 58 2
8.6999999999999851 59 2
8.7999999999999847 59 2
8.8999999999999844 60 2
8.999999999999984 60 2
9.0999999999999837 62 2
9.1999999999999833 63 2
9.2999999999999829 63 2
9.3999999999999826 64 2
9.4999999999999822 65 2
9.5999999999999819 65 2
9.6999999999999815 66 2
9.7999999999999812 66 2
9.8999999999999808 67 2
9.9999999999999805 68 2
10.09999999999998 68 2
10.19999999999998 69 2
10.299999999999979 70 2
10.399999999999979 70 2
10.499999999999979 71 2
10.599999999999978 71 2
10.699999999999978 71 2
10.799999999999978 71 2
10.899999999999977 71 2
10.999999999999977 71 2
11.099999999999977 71 2
11.199999999999976 71 2
11.299999999999976 71 2
11.399999999999975 71 2
11.499999999999975 71 2
11.599999999999975 71 2
11.699999999999974 71 2
11.799999999999974 71 2
11.899999999999974 71 2
11.999999999999973 71 2
12.099999999999973 71 2
12.199999999999973 71 2
12.299999999999972 71 2
12.399999999999972 71 2
12.499999999999972 71 2
12.599999999999971 71 2
12.699999999999971 71 2
12.799999999999971 71 2
12.89999999999997 71 2
12.99999999999997 71 2
13.099999999999969 71 2
13.199999999999969 71 2
13.299999999999969 71 2
13.399999999999968 71 2
13.499999999999968 71 2
13.599999999999968 71 2
13.699999999999967 62 5
13.799999999999967 62 5
13.899999999999967 76 5
13.999999999999966 76 5
14.099999999999966 76 5
14.199999999999966 77 5
14.299999999999965 78 5
14.399999999999965 78 5
14.499999999999964 79 5
14.599999999999964 80 5
14.699999999999964 80 5
14.799999999999963 81 5
14.899999999999963 81 5
14.999999999999963 83 5
15.099999999999962 84 5
15.199999999999962 84 5
15.299999999999962 85 5
15.399999999999961 86 5
15.499999999999961 86 5
15.599999999999961 87 5
15.69999999999996 87 5
15.79999999999996 88 5
15.899999999999959 90 5
15.999999999999959 90 5
16.099999999999959 91 5
16.19999999999996 92 5
16.299999999999962 92 5
16.399999999999963 93 5
16.499999999999964 93 5
16.599999999999966 94 5
16.699999999999967 95 5
16.799999999999969 95 5
16.89999999999997 96 5
16.999999999999972 97 5
17.099999999999973 97 5
17.199999999999974 99 5
17.299999999999976 99 5
17.399999999999977 100 5
17.499999999999979 101 5
17.59999999999998 101 5
17.699999999999982 102 5
17.799999999999983 103 5
17.899999999999984 103 5
17.999999999999986 104 5
18.099999999999987 104 5
18.199999999999989 105 5
18.29999999999999 106 5
18.399999999999991 106 5
18.499999999999993 108 5
18.599999999999994 109 5
18.699999999999996 109 5
18.799999999999997 110 5
18.899999999999999 110 5
19 111 5
19.100000000000001 112 5
19.200000000000003 112 5
19.300000000000004 113 5
19.400000000000006 114 5
19.500000000000007 114 5
19.600000000000009 115 5
19.70000000000001 115 5
19.800000000000011 116 5
19.900000000000013 117 5
20.000000000000014 117 5
20.100000000000016 119 5
20.200000000000017 120 5
20.300000000000018 120 5
20.40000000000002 121 5
20.500000000000021 121 5
20.600000000000023 122 5
20.700000000000024 123 5
20.800000000000026 123 5
20.900000000000027 124 5
21.000000000000028 125 5
21.10000000000003 125 5
21.200000000000031 126 5
21.300000000000033 126 5
21.400000000000034 127 5
21.500000000000036 128 5
21.600000000000037 128 5
21.700000000000038 128 5
21.80000000000004 128 5
21.900000000000041 128 5
22.000000000000043 128 5
22.100000000000044 128 5
22.200000000000045 128 5
22.300000000000047 128 5
22.400000000000048 128 5
22.50000000000005 128 5
22.600000000000051 128 5
22.700000000000053 128 5
22.800000000000054 128 5
22.900000000000055 128 5
23.000000000000057 128 5
23.100000000000058 128 5
23.20000000000006 128 5
23.300000000000061 128 5
23.400000000000063 128 5
23.500000000000064 128 5
23.600000000000065 128 5
23.700000000000067 128 5
23.800000000000068 128 5
23.90000000000007 128 5
24.000000000000071 128 5
24.100000000000072 128 5
24.200000000000074 128 5
24.300000000000075 119 5
24.400000000000077 119 5
24.500000000000078 133 5
24.60000000000008 133 5
24.700000000000081 134 5
24.800000000000082 134 5
24.900000000000084 135 5
25.000000000000085 136 5
25.100000000000087 136 5
25.200000000000088 137 5
25.30000000000009 138 5
25.400000000000091 138 5
25.500000000000092 140 5
25.600000000000094 140 5
25.700000000000095 141 5
25.800000000000097 142 5
25.900000000000098 142 5
26.000000000000099 143 5
26.100000000000101 144 5
26.200000000000102 144 5
26.300000000000104 145 5
26.400000000000105 145 5
26.500000000000107 147 5
26.600000000000108 148 5
26.700000000000109 148 5
26.800000000000111 149 5
26.900000000000112 150 5
27.000000000000114 150 5
27.100000000000115 151 5
27.200000000000117 151 5
27.300000000000118 152 5
27.400000000000119 153 5
27.500000000000121 153 5
27.600000000000122 154 5
27.700000000000124 156 5
27.800000000000125 156 5
27.900000000000126 157 5
28.000000000000128 157 5
28.100000000000129 158 5
28.200000000000131 159 5
28.300000000000132 159 5
28.400000000000134 160 5
28.500000000000135 161 5
28.600000000000136 161 5
28.700000000000138 162 5
28.800000000000139 162 5
28.900000000000141 163 5
29.000000000000142 165 5
29.100000000000144 165 5
29.200000000000145 166 5
29.300000000000146 167 5
29.400000000000148 167 5
29.500000000000149 168 5
29.600000000000151 168 5
29.700000000000152 169 5
29.800000000000153 170 5
29.900000000000155 170 5
30.000000000000156 171 5
30.100000000000158 172 5
30.200000000000159 172 5
30.300000000000161 173 5
30.400000000000162 173 5
30.500000000000163 174 5
30.600000000000165 176 5
30.700000000000166 176 5
30.800000000000168 177 5
30.900000000000169 178 5
31.000000000000171 178 5
31.100000000000172 179 5
31.200000000000173 179 5
31.300000000000175 180 5
31.400000000000176 181 5
31.500000000000178 181 5
31.600000000000179 182 5
31.70000000000018 183 5
31.800000000000182 183 5
31.900000000000183 184 5
32.000000000000185 184 5
32.100000000000186 185 5
32.200000000000188 185 5
32.300000000000189 185 5
32.40000000000019 185 5
32.500000000000192 185 5
32.600000000000193 185 5
32.700000000000195 185 5
32.800000000000196 185 5
32.900000000000198 185 5
33.000000000000199 185 5
33.1000000000002 185 5
33.200000000000202 185 5
33.300000000000203 185 5
33.400000000000205 185 5
33.500000000000206 185 5
33.600000000000207 185 5
33.700000000000209 185 5
33.80000000000021 185 5
33.900000000000212 185 5
34.000000000000213 185 5
34.100000000000215 185 5
34.200000000000216 185 5
34.300000000000217 185 5
34.400000000000219 185 5
34.50000000000022 176 5
34.600000000000222 176 5
34.700000000000223 190 5
34.800000000000225 190 5
34.900000000000226 191 5
35.000000000000227 191 5
35.100000000000229 192 5
35.20000000000023 193 5
35.300000000000232 193 5
35.400000000000233 194 5
35.500000000000234 194 5
35.600000000000236 195 5
35.700000000000237 197 5
35.800000000000239 197 5
35.90000000000024 198 5
36.000000000000242 199 5
36.100000000000243 199 5
36.200000000000244 200 5
36.300000000000246 200 5
36.400000000000247 201 5
36.500000000000249 202 5
36.60000000000025 202 5
36.700000000000252 204 5
36.800000000000253 205 5
36.900000000000254 205 5
37.000000000000256 206 5
37.100000000000257 206 5
37.200000000000259 207 5
37.30000000000026 208 5
37.400000000000261 208 5
37.500000000000263 209 5
37.600000000000264 210 5
37.700000000000266 210 5
37.800000000000267 211 5
37.900000000000269 211 5
38.00000000000027 213 5
38.100000000000271 214 5
38.200000000000273 214 5
38.300000000000274 215 5
38.400000000000276 216 5
38.500000000000277 216 5
38.600000000000279 217 5
38.70000000000028 217 5
38.800000000000281 218 5
38.900000000000283 219 5
39.000000000000284 219 5
39.100000000000286 220 5
39.200000000000287 222 5
39.300000000000288 222 5
39.40000000000029 223 5
39.500000000000291 223 5
39.600000000000293 224 5
39.700000000000294 225 5
39.800000000000296 225 5
39.900000000000297 226 5
40.000000000000298 227 5
40.1000000000003 227 5
40.200000000000301 228 5
40.300000000000303 228 5
40.400000000000304 229 5
40.500000000000306 230 5
40.600000000000307 230 5
40.700000000000308 231 5
40.80000000000031 233 5
40.900000000000311 233 5
41.000000000000313 234 5
41.100000000000314 234 5
41.200000000000315 235 5
41.300000000000317 236 5
41.400000000000318 236 5
41.50000000000032 237 5
41.600000000000321 238 5
41.700000000000323 238 5
41.800000000000324 239 5
41.900000000000325 239 5
42.000000000000327 240 5
42.100000000000328 241 5
42.20000000000033 241 5
42.300000000000331 242 5
42.400000000000333 242 5
42.500000000000334 242 5
42.600000000000335 242 5
42.700000000000337 242 5
42.800000000000338 242 5
42.90000000000034 242 5
43.000000000000341 242 5
43.100000000000342 242 5
43.200000000000344 242 5
43.300000000000345 242 5
43.400000000000347 242 5
43.500000000000348 242 5
43.60000000000035 242 5
43.700000000000351 242 5
43.800000000000352 242 5
43.900000000000354 242 5
44.000000000000355 242 5
44.100000000000357 242 5
44.200000000000358 242 5
44.30000000000036 242 5
44.400000000000361 242 5
44.500000000000362 242 5
44.600000000000364 233 5
44.700000000000365 233 5
44.800000000000367 247 5
44.900000000000368 247 5
45.000000000000369 248 5
45.100000000000371 248 5
45.200000000000372 249 5
45.300000000000374 249 5
45.400000000000375 250 5
45.500000000000377 251 5
45.600000000000378 251 5
45.700000000000379 252 5
45.800000000000381 254 5
45.900000000000382 254 5
46.000000000000384 255 5
46.100000000000385 255 5
46.200000000000387 256 5
46.300000000000388 257 5
46.400000000000389 257 5
46.500000000000391 258 5
46.600000000000392 259 5
46.700000000000394 259 5
46.800000000000395 261 5
46.900000000000396 261 5
47.000000000000398 262 5
47.100000000000399 263 5
47.200000000000401 263 5
47.300000000000402 264 5
47.400000000000404 265 5
47.500000000000405 265 5
47.600000000000406 266 5
47.700000000000408 266 5
47.800000000000409 267 5
47.900000000000411 268 5
48.000000000000412 268 5
48.100000000000414 270 5
48.200000000000415 271 5
48.300000000000416 271 5
48.400000000000418 272 5
48.500000000000419 272 5
48.600000000000421 273 5
48.700000000000422 274 5
48.800000000000423 274 5
48.900000000000425 275 5
49.000000000000426 276 5
49.100000000000428 276 5
49.200000000000429 277 5
49.300000000000431 277 5
49.400000000000432 279 5
49.500000000000433 280 5
49.600000000000435 280 5
49.700000000000436 281 5
49.800000000000438 282 5
49.900000000000439 282 5
50.000000000000441 283 5
50.100000000000442 283 5
50.200000000000443 284 5
50.300000000000445 285 5
50.400000000000446 285 5
50.500000000000448 286 5
50.600000000000449 287 5
50.70000000000045 287 5
50.800000000000452 288 5
50.900000000000453 288 5
51.000000000000455 290 5
51.100000000000456 291 5
51.200000000000458 291 5
51.300000000000459 292 5
51.40000000000046 293 5
51.500000000000462 293 5
51.600000000000463 294 5
51.700000000000465 294 5
51.800000000000466 295 5
51.900000000000468 296 5
52.000000000000469 296 5
52.10000000000047 297 5
52.200000000000472 298 5
52.300000000000473 298 5
52.400000000000475 299 5
52.500000000000476 299 5
52.600000000000477 299 5
52.700000000000479 299 5
52.80000000000048 299 5
52.900000000000482 299 5
53.000000000000483 299 5
53.100000000000485 299 5
53.200000000000486 299 5
53.300000000000487 299 5
53.400000000000489 299 5
53.50000000000049 299 5
53.600000000000492 299 5
53.700000000000493 299 5
53.800000000000495 299 5
53.900000000000496 299 5
54.000000000000497 299 5
54.100000000000499 299 5
54.2000000000005 299 5
54.300000000000502 299 5
54.400000000000503 299 5
54.500000000000504 299 5
54.600000000000506 299 5
54.700000000000507 290 5
54.800000000000509 290 5
54.90000000000051 304 5
55.000000000000512 304 5
55.100000000000513 305 5
55.200000000000514 305 5
55.300000000000516 306 5
55.400000000000517 306 5
55.500000000000519 307 5
55.60000000000052 308 5
55.700000000000522 308 5
55.800000000000523 309 5
55.900000000000524 311 5
56.000000000000526 311 5
56.100000000000527 312 5
56.200000000000529 312 5
56.30000000000053 313 5
56.400000000000531 314 5
56.500000000000533 314 5
56.600000000000534 315 5
56.700000000000536 316 5
56.800000000000537 316 5
56.900000000000539 318 5
57.00000000000054 318 5
57.100000000000541 319 5
57.200000000000543 320 5
57.300000000000544 320 5
57.400000000000546 321 5
57.500000000000547 322 5
57.600000000000549 322 5
57.70000000000055 323 5
57.800000000000551 323 5
57.900000000000553 324 5
58.000000000000554 325 5
58.100000000000556 325 5
58.200000000000557 327 5
58.300000000000558 328 5
58.40000000000056 328 5
58.500000000000561 329 5
58.600000000000563 329 5
58.700000000000564 330 5
58.800000000000566 331 5
58.900000000000567 331 5
59.000000000000568 332 5
59.10000000000057 333 5
59.200000000000571 333 5
59.300000000000573 334 5
59.400000000000574 334 5
59.500000000000576 336 5
59.600000000000577 337 5
59.700000000000578 337 5
59.80000000000058 338 5
59.900000000000581 339 5
