0 0 20
0.10000000000000001 0 50
0.20000000000000001 3 50
0.30000000000000004 3 50
0.40000000000000002 4 2
0.5 4 2
0.59999999999999998 5 2
0.69999999999999996 5 2
0.79999999999999993 5 2
0.89999999999999991 5 2
0.99999999999999989 4 2
1.0999999999999999 6 2
1.2 7 2
1.3 7 2
1.4000000000000001 7 2
1.5000000000000002 7 2
1.6000000000000003 7 2
1.7000000000000004 8 2
1.8000000000000005 8 2
1.9000000000000006 10 2
2.0000000000000004 11 2
2.1000000000000005 11 2
2.2000000000000006 12 2
2.3000000000000007 14 2
2.4000000000000008 14 2
2.5000000000000009 15 2
2.600000000000001 15 2
2.7000000000000011 16 2
2.8000000000000012 17 2
2.9000000000000012 17 2
3.0000000000000013 18 2
3.1000000000000014 20 2
3.2000000000000015 20 2
3.3000000000000016 21 2
3.4000000000000017 21 2
3.5000000000000018 22 2
3.6000000000000019 23 2
3.700000000000002 23 2
3.800000000000002 24 2
3.9000000000000021 26 2
4.0000000000000018 26 2
4.1000000000000014 27 2
4.2000000000000011 27 2
4.3000000000000007 28 2
4.4000000000000004 29 2
4.5 29 2
4.5999999999999996 30 2
4.6999999999999993 31 2
4.7999999999999989 31 2
4.8999999999999986 33 2
4.9999999999999982 33 2
5.0999999999999979 34 2
5.1999999999999975 35 2
5.2999999999999972 35 2
5.3999999999999968 36 2
5.4999999999999964 37 2
5.5999999999999961 37 2
5.6999999999999957 38 2
5.7999999999999954 38 2
5.899999999999995 39 2
5.9999999999999947 40 2
6.0999999999999943 40 2
6.199999999999994 42 2
6.2999999999999936 43 2
6.3999999999999932 43 2
6.4999999999999929 44 2
6.5999999999999925 44 2
6.6999999999999922 45 2
6.7999999999999918 46 2
6.8999999999999915 46 2
6.9999999999999911 47 2
7.0999999999999908 48 2
7.1999999999999904 48 2
7.2999999999999901 49 2
7.3999999999999897 49 2
7.4999999999999893 51 2
7.599999999999989 52 2
7.6999999999999886 52 2
7.7999999999999883 53 2
7.8999999999999879 54 2
7.9999999999999876 54 2
8.0999999999999872 55 2
8.1999999999999869 55 2
8.2999999999999865 56 2
8.3999999999999861 57 2
8.4999999999999858 57 2
8.5999999999999854 58 2
8.6999999999999851 59 2
8.7999999999999847 59 2
8.8999999999999844 60 2
8.999999999999984 60 2
9.0999999999999837 62 2
9.1999999999999833 63 2
9.2999999999999829 63 2
9.3999999999999826 64 2
9.4999999999999822 65 2
9.5999999999999819 65 2
9.6999999999999815 66 2
9.7999999999999812 66 2
9.8999999999999808 67 2
9.9999999999999805 68 2
10.09999999999998 68 2
10.19999999999998 69 2
10.299999999999979 70 2
10.399999999999979 70 2
10.499999999999979 71 2
10.599999999999978 71 2
10.699999999999978 71 2
10.799999999999978 71 2
10.899999999999977 71 2
10.999999999999977 62 5
11.099999999999977 62 5
11.199999999999976 62 5
11.299999999999976 62 5
11.399999999999975 62 5
11.499999999999975 62 5
11.599999999999975 62 5
11.699999999999974 62 5
11.799999999999974 62 5
11.899999999999974 62 5
11.999999999999973 62 5
12.099999999999973 76 5
12.199999999999973 76 5
12.299999999999972 77 5
12.399999999999972 77 5
12.499999999999972 78 5
12.599999999999971 79 5
12.699999999999971 79 5
12.799999999999971 80 5
12.89999999999997 80 5
12.99999999999997 81 5
13.099999999999969 83 5
13.199999999999969 83 5
13.299999999999969 84 5
13.399999999999968 85 5
13.499999999999968 85 5
13.599999999999968 86 5
13.699999999999967 86 5
13.799999999999967 87 5
13.899999999999967 88 5
13.999999999999966 88 5
14.099999999999966 90 5
14.199999999999966 91 5
14.299999999999965 91 5
14.399999999999965 92 5
14.499999999999964 92 5
14.599999999999964 93 5
14.699999999999964 94 5
14.799999999999963 94 5
14.899999999999963 95 5
14.999999999999963 96 5
15.099999999999962 96 5
15.199999999999962 97 5
15.299999999999962 97 5
15.399999999999961 99 5
15.499999999999961 100 5
15.599999999999961 100 5
15.69999999999996 101 5
15.79999999999996 102 5
15.899999999999959 102 5
15.999999999999959 103 5
16.099999999999959 103 5
16.19999999999996 104 5
16.299999999999962 105 5
16.399999999999963 105 5
16.499999999999964 106 5
16.599999999999966 108 5
16.699999999999967 108 5
16.799999999999969 109 5
16.89999999999997 109 5
16.999999999999972 110 5
17.099999999999973 111 5
17.199999999999974 111 5
17.299999999999976 112 5
17.399999999999977 113 5
17.499999999999979 113 5
17.59999999999998 114 5
17.699999999999982 114 5
17.799999999999983 115 5
17.899999999999984 116 5
17.999999999999986 116 5
18.099999999999987 117 5
18.199999999999989 119 5
18.29999999999999 119 5
18.399999999999991 120 5
18.499999999999993 120 5
18.599999999999994 121 5
18.699999999999996 122 5
18.799999999999997 122 5
18.899999999999999 123 5
19 124 5
19.100000000000001 124 5
19.200000000000003 125 5
19.300000000000004 125 5
19.400000000000006 126 5
19.500000000000007 127 5
19.600000000000009 127 5
19.70000000000001 128 5
19.800000000000011 128 5
19.900000000000013 128 5
20.000000000000014 128 5
20.100000000000016 128 5
20.200000000000017 119 5
20.300000000000018 119 5
20.40000000000002 119 5
20.500000000000021 119 5
20.600000000000023 119 5
20.700000000000024 119 5
20.800000000000026 119 5
20.900000000000027 119 5
21.000000000000028 119 5
21.10000000000003 119 5
21.200000000000031 119 5
21.300000000000033 133 5
21.400000000000034 133 5
21.500000000000036 134 5
21.600000000000037 135 5
21.700000000000038 135 5
21.80000000000004 136 5
21.900000000000041 136 5
22.000000000000043 137 5
22.100000000000044 138 5
22.200000000000045 138 5
22.300000000000047 140 5
22.400000000000048 141 5
22.50000000000005 141 5
22.600000000000051 142 5
22.700000000000053 142 5
22.800000000000054 143 5
22.900000000000055 144 5
23.000000000000057 144 5
23.100000000000058 145 5
23.20000000000006 147 5
23.300000000000061 147 5
23.400000000000063 148 5
23.500000000000064 148 5
23.600000000000065 149 5
23.700000000000067 150 5
23.800000000000068 150 5
23.90000000000007 151 5
24.000000000000071 152 5
24.100000000000072 152 5
24.200000000000074 153 5
24.300000000000075 153 5
24.400000000000077 154 5
24.500000000000078 156 5
24.60000000000008 156 5
24.700000000000081 157 5
24.800000000000082 158 5
24.900000000000084 158 5
25.000000000000085 159 5
25.100000000000087 159 5
25.200000000000088 160 5
25.30000000000009 161 5
25.400000000000091 161 5
25.500000000000092 162 5
25.600000000000094 163 5
25.700000000000095 163 5
25.800000000000097 165 5
25.900000000000098 165 5
26.000000000000099 166 5
26.100000000000101 167 5
26.200000000000102 167 5
26.300000000000104 168 5
26.400000000000105 169 5
26.500000000000107 169 5
26.600000000000108 170 5
26.700000000000109 170 5
26.800000000000111 171 5
26.900000000000112 172 5
27.000000000000114 172 5
27.100000000000115 173 5
27.200000000000117 174 5
27.300000000000118 174 5
27.400000000000119 176 5
27.500000000000121 176 5
27.600000000000122 177 5
27.700000000000124 178 5
27.800000000000125 178 5
27.900000000000126 179 5
28.000000000000128 180 5
28.100000000000129 180 5
28.200000000000131 181 5
28.300000000000132 181 5
28.400000000000134 182 5
28.500000000000135 183 5
28.600000000000136 183 5
28.700000000000138 184 5
28.800000000000139 185 5
28.900000000000141 185 5
29.000000000000142 185 5
29.100000000000144 185 5
29.200000000000145 185 5
29.300000000000146 176 5
29.400000000000148 176 5
29.500000000000149 176 5
29.600000000000151 176 5
29.700000000000152 176 5
29.800000000000153 176 5
29.900000000000155 176 5
30.000000000000156 176 5
30.100000000000158 176 5
30.200000000000159 176 5
30.300000000000161 176 5
30.400000000000162 190 5
30.500000000000163 190 5
30.600000000000165 190 5
30.700000000000166 191 5
30.800000000000168 192 5
30.900000000000169 192 5
31.000000000000171 193 5
31.100000000000172 194 5
31.200000000000173 194 5
31.300000000000175 195 5
31.400000000000176 195 5
31.500000000000178 197 5
31.600000000000179 198 5
31.70000000000018 198 5
31.800000000000182 199 5
31.900000000000183 200 5
32.000000000000185 200 5
32.100000000000186 201 5
32.200000000000188 201 5
32.300000000000189 202 5
32.40000000000019 204 5
32.500000000000192 204 5
32.600000000000193 205 5
32.700000000000195 206 5
32.800000000000196 206 5
32.900000000000198 207 5
33.000000000000199 207 5
33.1000000000002 208 5
33.200000000000202 209 5
33.300000000000203 209 5
33.400000000000205 210 5
33.500000000000206 211 5
33.600000000000207 211 5
33.700000000000209 213 5
33.80000000000021 213 5
33.900000000000212 214 5
34.000000000000213 215 5
34.100000000000215 215 5
34.200000000000216 216 5
34.300000000000217 217 5
34.400000000000219 217 5
34.50000000000022 218 5
34.600000000000222 218 5
34.700000000000223 219 5
34.800000000000225 220 5
34.900000000000226 220 5
35.000000000000227 222 5
35.100000000000229 223 5
35.20000000000023 223 5
35.300000000000232 224 5
35.400000000000233 224 5
35.500000000000234 225 5
35.600000000000236 226 5
35.700000000000237 226 5
35.800000000000239 227 5
35.90000000000024 228 5
36.000000000000242 228 5
36.100000000000243 229 5
36.200000000000244 229 5
36.300000000000246 230 5
36.400000000000247 231 5
36.500000000000249 231 5
36.60000000000025 233 5
36.700000000000252 234 5
36.800000000000253 234 5
36.900000000000254 235 5
37.000000000000256 235 5
37.100000000000257 236 5
37.200000000000259 237 5
37.30000000000026 237 5
37.400000000000261 238 5
37.500000000000263 239 5
37.600000000000264 239 5
37.700000000000266 240 5
37.800000000000267 240 5
37.900000000000269 241 5
38.00000000000027 242 5
38.100000000000271 242 5
38.200000000000273 242 5
38.300000000000274 242 5
38.400000000000276 242 5
38.500000000000277 233 5
38.600000000000279 233 5
38.70000000000028 233 5
38.800000000000281 233 5
38.900000000000283 233 5
39.000000000000284 233 5
39.100000000000286 233 5
39.200000000000287 233 5
39.300000000000288 233 5
39.40000000000029 233 5
39.500000000000291 233 5
39.600000000000293 247 5
39.700000000000294 247 5
39.800000000000296 248 5
39.900000000000297 248 5
40.000000000000298 249 5
40.1000000000003 249 5
40.200000000000301 250 5
40.300000000000303 251 5
40.400000000000304 251 5
40.500000000000306 252 5
40.600000000000307 254 5
40.700000000000308 254 5
40.80000000000031 255 5
40.900000000000311 255 5
41.000000000000313 256 5
41.100000000000314 257 5
41.200000000000315 257 5
41.300000000000317 258 5
41.400000000000318 259 5
41.50000000000032 259 5
41.600000000000321 261 5
41.700000000000323 261 5
41.800000000000324 262 5
41.900000000000325 263 5
42.000000000000327 263 5
42.100000000000328 264 5
42.20000000000033 265 5
42.300000000000331 265 5
42.400000000000333 266 5
42.500000000000334 266 5
42.600000000000335 267 5
42.700000000000337 268 5
42.800000000000338 268 5
42.90000000000034 270 5
43.000000000000341 271 5
43.100000000000342 271 5
43.200000000000344 272 5
43.300000000000345 272 5
43.400000000000347 273 5
43.500000000000348 274 5
43.60000000000035 274 5
43.700000000000351 275 5
43.800000000000352 276 5
43.900000000000354 276 5
44.000000000000355 277 5
44.100000000000357 277 5
44.200000000000358 279 5
44.30000000000036 280 5
44.400000000000361 280 5
44.500000000000362 281 5
44.600000000000364 282 5
44.700000000000365 282 5
44.800000000000367 283 5
44.900000000000368 283 5
45.000000000000369 284 5
45.100000000000371 285 5
45.200000000000372 285 5
45.300000000000374 286 5
45.400000000000375 287 5
45.500000000000377 287 5
45.600000000000378 288 5
45.700000000000379 288 5
45.800000000000381 290 5
45.900000000000382 291 5
46.000000000000384 291 5
46.100000000000385 292 5
46.200000000000387 293 5
46.300000000000388 293 5
46.400000000000389 294 5
46.500000000000391 294 5
46.600000000000392 295 5
46.700000000000394 296 5
46.800000000000395 296 5
46.900000000000396 297 5
47.000000000000398 298 5
47.100000000000399 298 5
47.200000000000401 299 5
47.300000000000402 299 5
47.400000000000404 299 5
47.500000000000405 299 5
47.600000000000406 299 5
47.700000000000408 290 5
47.800000000000409 290 5
47.900000000000411 290 5
48.000000000000412 290 5
48.100000000000414 290 5
48.200000000000415 290 5
48.300000000000416 290 5
48.400000000000418 290 5
48.500000000000419 290 5
48.600000000000421 290 5
48.700000000000422 290 5
48.800000000000423 304 5
48.900000000000425 304 5
49.000000000000426 305 5
49.100000000000428 305 5
49.200000000000429 306 5
49.300000000000431 307 5
49.400000000000432 307 5
49.500000000000433 308 5
49.600000000000435 308 5
49.700000000000436 309 5
49.800000000000438 311 5
49.900000000000439 311 5
50.000000000000441 312 5
50.100000000000442 313 5
50.200000000000443 313 5
50.300000000000445 314 5
50.400000000000446 314 5
50.500000000000448 315 5
50.600000000000449 316 5
50.70000000000045 316 5
50.800000000000452 318 5
50.900000000000453 319 5
51.000000000000455 319 5
51.100000000000456 320 5
51.200000000000458 320 5
51.300000000000459 321 5
51.40000000000046 322 5
51.500000000000462 322 5
51.600000000000463 323 5
51.700000000000465 324 5
51.800000000000466 324 5
51.900000000000468 325 5
52.000000000000469 325 5
52.10000000000047 327 5
52.200000000000472 328 5
52.300000000000473 328 5
52.400000000000475 329 5
52.500000000000476 330 5
52.600000000000477 330 5
52.700000000000479 331 5
52.80000000000048 331 5
52.900000000000482 332 5
53.000000000000483 333 5
53.100000000000485 333 5
53.200000000000486 334 5
53.300000000000487 336 5
53.400000000000489 336 5
53.50000000000049 337 5
53.600000000000492 337 5
53.700000000000493 338 5
53.800000000000495 339 5
53.900000000000496 339 5
54.000000000000497 340 5
54.100000000000499 341 5
54.2000000000005 341 5
54.300000000000502 342 5
54.400000000000503 342 5
54.500000000000504 343 5
54.600000000000506 344 5
54.700000000000507 344 5
54.800000000000509 345 5
54.90000000000051 347 5
55.000000000000512 347 5
55.100000000000513 348 5
55.200000000000514 348 5
55.300000000000516 349 5
55.400000000000517 350 5
55.500000000000519 350 5
55.60000000000052 351 5
55.700000000000522 352 5
55.800000000000523 352 5
55.900000000000524 353 5
56.000000000000526 353 5
56.100000000000527 354 5
56.200000000000529 355 5
56.30000000000053 355 5
56.400000000000531 356 5
56.500000000000533 356 5
56.600000000000534 356 5
56.700000000000536 356 5
56.800000000000537 356 5
56.900000000000539 347 5
57.00000000000054 347 5
57.100000000000541 347 5
57.200000000000543 347 5
57.300000000000544 347 5
57.400000000000546 347 5
57.500000000000547 347 5
57.600000000000549 347 5
57.70000000000055 347 5
57.800000000000551 347 5
57.900000000000553 347 5
58.000000000000554 361 5
58.100000000000556 361 5
58.200000000000557 362 5
58.300000000000558 363 5
58.40000000000056 363 5
58.500000000000561 364 5
58.600000000000563 364 5
58.700000000000564 365 5
58.800000000000566 366 5
58.900000000000567 366 5
59.000000000000568 368 5
59.10000000000057 369 5
59.200000000000571 369 5
59.300000000000573 370 5
59.400000000000574 370 5
59.500000000000576 371 5
59.600000000000577 372 5
59.700000000000578 372 5
59.80000000000058 373 5
59.900000000000581 375 5
