0 1 1
0.10000000000000001 1 1
0.20000000000000001 2 2
0.30000000000000004 2 2
0.40000000000000002 2 2
0.5 2 2
0.59999999999999998 2.5 2.5
0.69999999999999996 2.5 2.5
0.79999999999999993 2.5 2.5
0.89999999999999991 2.5 2.5
0.99999999999999989 1 1
1.0999999999999999 2 2
1.2 2.5 2.5
1.3 2.5 2.5
1.4000000000000001 2.5 2.5
1.5000000000000002 2.5 2.5
1.6000000000000003 2.5 2.5
1.7000000000000004 2.9 2.9
1.8000000000000005 2.9 2.9
1.9000000000000006 3.24483 3.24483
2.0000000000000004 3.55301 3.55301
2.1000000000000005 3.55301 3.55301
2.2000000000000006 3.83446 3.83446
2.3000000000000007 4.09525 4.09525
2.4000000000000008 4.09525 4.09525
2.5000000000000009 4.33944 4.33944
2.600000000000001 4.33944 4.33944
2.7000000000000011 4.56988 4.56988
2.8000000000000012 4.78871 4.78871
2.9000000000000012 4.78871 4.78871
3.0000000000000013 4.99753 4.99753
3.1000000000000014 5.19763 5.19763
3.2000000000000015 5.19763 5.19763
3.3000000000000016 5.39003 5.39003
3.4000000000000017 5.39003 5.39003
3.5000000000000018 5.57555 5.57555
3.6000000000000019 5.75491 5.75491
3.700000000000002 5.75491 5.75491
3.800000000000002 5.92867 5.92867
3.9000000000000021 6.09735 6.09735
4.0000000000000018 6.09735 6.09735
4.1000000000000014 6.26135 6.26135
4.2000000000000011 6.26135 6.26135
4.3000000000000007 6.42106 6.42106
4.4000000000000004 6.5768 6.5768
4.5 6.5768 6.5768
4.5999999999999996 6.72885 6.72885
4.6999999999999993 6.87746 6.87746
4.7999999999999989 6.87746 6.87746
4.8999999999999986 7.02286 7.02286
4.9999999999999982 7.02286 7.02286
5.0999999999999979 7.16526 7.16526
5.1999999999999975 7.30482 7.30482
5.2999999999999972 7.30482 7.30482
5.3999999999999968 7.44171 7.44171
5.4999999999999964 7.57609 7.57609
5.5999999999999961 7.57609 7.57609
5.6999999999999957 7.70809 7.70809
5.7999999999999954 7.70809 7.70809
5.899999999999995 7.83782 7.83782
5.9999999999999947 7.96541 7.96541
6.0999999999999943 7.96541 7.96541
6.199999999999994 8.09095 8.09095
6.2999999999999936 8.21454 8.21454
6.3999999999999932 8.21454 8.21454
6.4999999999999929 8.33628 8.33628
6.5999999999999925 8.33628 8.33628
6.6999999999999922 8.45624 8.45624
6.7999999999999918 8.57449 8.57449
6.8999999999999915 8.57449 8.57449
6.9999999999999911 8.69112 8.69112
7.0999999999999908 8.80618 8.80618
7.1999999999999904 8.80618 8.80618
7.2999999999999901 8.91974 8.91974
7.3999999999999897 8.91974 8.91974
7.4999999999999893 9.03185 9.03185
7.599999999999989 9.14257 9.14257
7.6999999999999886 9.14257 9.14257
7.7999999999999883 9.25194 9.25194
7.8999999999999879 9.36003 9.36003
7.9999999999999876 9.36003 9.36003
8.0999999999999872 9.46687 9.46687
8.1999999999999869 9.46687 9.46687
8.2999999999999865 9.5725 9.5725
8.3999999999999861 9.67696 9.67696
8.4999999999999858 9.67696 9.67696
8.5999999999999854 9.7803 9.7803
8.6999999999999851 9.88255 9.88255
8.7999999999999847 9.88255 9.88255
8.8999999999999844 9.98374 9.98374
8.999999999999984 9.98374 9.98374
9.0999999999999837 10.0839 10.0839
9.1999999999999833 10.1831 10.1831
9.2999999999999829 10.1831 10.1831
9.3999999999999826 10.2813 10.2813
9.4999999999999822 10.3785 10.3785
9.5999999999999819 10.3785 10.3785
9.6999999999999815 10.4749 10.4749
9.7999999999999812 10.4749 10.4749
9.8999999999999808 10.5704 10.5704
9.9999999999999805 10.665 10.665
10.09999999999998 10.665 10.665
10.19999999999998 10.7587 10.7587
10.299999999999979 10.8517 10.8517
10.399999999999979 10.8517 10.8517
10.499999999999979 10.9438 10.9438
10.599999999999978 10.9438 10.9438
10.699999999999978 10.9438 10.9438
10.799999999999978 10.9438 10.9438
10.899999999999977 10.9438 10.9438
10.999999999999977 1 1
11.099999999999977 1 1
11.199999999999976 1 1
11.299999999999976 1 1
11.399999999999975 1 1
11.499999999999975 1 1
11.599999999999975 1 1
11.699999999999974 1 1
11.799999999999974 1 1
11.899999999999974 1 1
11.999999999999973 1 1
12.099999999999973 5 5
12.199999999999973 5 5
12.299999999999972 5.2 5.2
12.399999999999972 5.2 5.2
12.499999999999972 5.39231 5.39231
12.599999999999971 5.57776 5.57776
12.699999999999971 5.57776 5.57776
12.799999999999971 5.75704 5.75704
12.89999999999997 5.75704 5.75704
12.99999999999997 5.93074 5.93074
13.099999999999969 6.09935 6.09935
13.199999999999969 6.09935 6.09935
13.299999999999969 6.26331 6.26331
13.399999999999968 6.42297 6.42297
13.499999999999968 6.42297 6.42297
13.599999999999968 6.57866 6.57866
13.699999999999967 6.57866 6.57866
13.799999999999967 6.73066 6.73066
13.899999999999967 6.87924 6.87924
13.999999999999966 6.87924 6.87924
14.099999999999966 7.0246 7.0246
14.199999999999966 7.16696 7.16696
14.299999999999965 7.16696 7.16696
14.399999999999965 7.30649 7.30649
14.499999999999964 7.30649 7.30649
14.599999999999964 7.44335 7.44335
14.699999999999964 7.5777 7.5777
14.799999999999963 7.5777 7.5777
14.899999999999963 7.70967 7.70967
14.999999999999963 7.83937 7.83937
15.099999999999962 7.83937 7.83937
15.199999999999962 7.96694 7.96694
15.299999999999962 7.96694 7.96694
15.399999999999961 8.09245 8.09245
15.499999999999961 8.21603 8.21603
15.599999999999961 8.21603 8.21603
15.69999999999996 8.33774 8.33774
15.79999999999996 8.45768 8.45768
15.899999999999959 8.45768 8.45768
15.999999999999959 8.57591 8.57591
16.099999999999959 8.57591 8.57591
16.19999999999996 8.69252 8.69252
16.299999999999962 8.80756 8.80756
16.399999999999963 8.80756 8.80756
16.499999999999964 8.9211 8.9211
16.599999999999966 9.03319 9.03319
16.699999999999967 9.03319 9.03319
16.799999999999969 9.14389 9.14389
16.89999999999997 9.14389 9.14389
16.999999999999972 9.25326 9.25326
17.099999999999973 9.36133 9.36133
17.199999999999974 9.36133 9.36133
17.299999999999976 9.46815 9.46815
17.399999999999977 9.57377 9.57377
17.499999999999979 9.57377 9.57377
17.59999999999998 9.67822 9.67822
17.699999999999982 9.67822 9.67822
17.799999999999983 9.78154 9.78154
17.899999999999984 9.88378 9.88378
17.999999999999986 9.88378 9.88378
18.099999999999987 9.98495 9.98495
18.199999999999989 10.0851 10.0851
18.29999999999999 10.0851 10.0851
18.399999999999991 10.1843 10.1843
18.499999999999993 10.1843 10.1843
18.599999999999994 10.2825 10.2825
18.699999999999996 10.3797 10.3797
18.799999999999997 10.3797 10.3797
18.899999999999999 10.476 10.476
19 10.5715 10.5715
19.100000000000001 10.5715 10.5715
19.200000000000003 10.6661 10.6661
19.300000000000004 10.6661 10.6661
19.400000000000006 10.7599 10.7599
19.500000000000007 10.8528 10.8528
19.600000000000009 10.8528 10.8528
19.70000000000001 10.9449 10.9449
19.800000000000011 10.9449 10.9449
19.900000000000013 10.9449 10.9449
20.000000000000014 10.9449 10.9449
20.100000000000016 10.9449 10.9449
20.200000000000017 1 1
20.300000000000018 1 1
20.40000000000002 1 1
20.500000000000021 1 1
20.600000000000023 1 1
20.700000000000024 1 1
20.800000000000026 1 1
20.900000000000027 1 1
21.000000000000028 1 1
21.10000000000003 1 1
21.200000000000031 1 1
21.300000000000033 5 5
21.400000000000034 5 5
21.500000000000036 5.2 5.2
21.600000000000037 5.39231 5.39231
21.700000000000038 5.39231 5.39231
21.80000000000004 5.57776 5.57776
21.900000000000041 5.57776 5.57776
22.000000000000043 5.75704 5.75704
22.100000000000044 5.93074 5.93074
22.200000000000045 5.93074 5.93074
22.300000000000047 6.09935 6.09935
22.400000000000048 6.26331 6.26331
22.50000000000005 6.26331 6.26331
22.600000000000051 6.42297 6.42297
22.700000000000053 6.42297 6.42297
22.800000000000054 6.57866 6.57866
22.900000000000055 6.73066 6.73066
23.000000000000057 6.73066 6.73066
23.100000000000058 6.87924 6.87924
23.20000000000006 7.0246 7.0246
23.300000000000061 7.0246 7.0246
23.400000000000063 7.16696 7.16696
23.500000000000064 7.16696 7.16696
23.600000000000065 7.30649 7.30649
23.700000000000067 7.44335 7.44335
23.800000000000068 7.44335 7.44335
23.90000000000007 7.5777 7.5777
24.000000000000071 7.70967 7.70967
24.100000000000072 7.70967 7.70967
24.200000000000074 7.83937 7.83937
24.300000000000075 7.83937 7.83937
24.400000000000077 7.96694 7.96694
24.500000000000078 8.09245 8.09245
24.60000000000008 8.09245 8.09245
24.700000000000081 8.21603 8.21603
24.800000000000082 8.33774 8.33774
24.900000000000084 8.33774 8.33774
25.000000000000085 8.45768 8.45768
25.100000000000087 8.45768 8.45768
25.200000000000088 8.57591 8.57591
25.30000000000009 8.69252 8.69252
25.400000000000091 8.69252 8.69252
25.500000000000092 8.80756 8.80756
25.600000000000094 8.9211 8.9211
25.700000000000095 8.9211 8.9211
25.800000000000097 9.03319 9.03319
25.900000000000098 9.03319 9.03319
26.000000000000099 9.14389 9.14389
26.100000000000101 9.25326 9.25326
26.200000000000102 9.25326 9.25326
26.300000000000104 9.36133 9.36133
26.400000000000105 9.46815 9.46815
26.500000000000107 9.46815 9.46815
26.600000000000108 9.57377 9.57377
26.700000000000109 9.57377 9.57377
26.800000000000111 9.67822 9.67822
26.900000000000112 9.78154 9.78154
27.000000000000114 9.78154 9.78154
27.100000000000115 9.88378 9.88378
27.200000000000117 9.98495 9.98495
27.300000000000118 9.98495 9.98495
27.400000000000119 10.0851 10.0851
27.500000000000121 10.0851 10.0851
27.600000000000122 10.1843 10.1843
27.700000000000124 10.2825 10.2825
27.800000000000125 10.2825 10.2825
27.900000000000126 10.3797 10.3797
28.000000000000128 10.476 10.476
28.100000000000129 10.476 10.476
28.200000000000131 10.5715 10.5715
28.300000000000132 10.5715 10.5715
28.400000000000134 10.6661 10.6661
28.500000000000135 10.7599 10.7599
28.600000000000136 10.7599 10.7599
28.700000000000138 10.8528 10.8528
28.800000000000139 10.9449 10.9449
28.900000000000141 10.9449 10.9449
29.000000000000142 10.9449 10.9449
29.100000000000144 10.9449 10.9449
29.200000000000145 10.9449 10.9449
29.300000000000146 1 1
29.400000000000148 1 1
29.500000000000149 1 1
29.600000000000151 1 1
29.700000000000152 1 1
29.800000000000153 1 1
29.900000000000155 1 1
30.000000000000156 1 1
30.100000000000158 1 1
30.200000000000159 1 1
30.300000000000161 1 1
30.400000000000162 5 5
30.500000000000163 5 5
30.600000000000165 5 5
30.700000000000166 5.2 5.2
30.800000000000168 5.39231 5.39231
30.900000000000169 5.39231 5.39231
31.000000000000171 5.57776 5.57776
31.100000000000172 5.75704 5.75704
31.200000000000173 5.75704 5.75704
31.300000000000175 5.93074 5.93074
31.400000000000176 5.93074 5.93074
31.500000000000178 6.09935 6.09935
31.600000000000179 6.26331 6.26331
31.70000000000018 6.26331 6.26331
31.800000000000182 6.42297 6.42297
31.900000000000183 6.57866 6.57866
32.000000000000185 6.57866 6.57866
32.100000000000186 6.73066 6.73066
32.200000000000188 6.73066 6.73066
32.300000000000189 6.87924 6.87924
32.40000000000019 7.0246 7.0246
32.500000000000192 7.0246 7.0246
32.600000000000193 7.16696 7.16696
32.700000000000195 7.30649 7.30649
32.800000000000196 7.30649 7.30649
32.900000000000198 7.44335 7.44335
33.000000000000199 7.44335 7.44335
33.1000000000002 7.5777 7.5777
33.200000000000202 7.70967 7.70967
33.300000000000203 7.70967 7.70967
33.400000000000205 7.83937 7.83937
33.500000000000206 7.96694 7.96694
33.600000000000207 7.96694 7.96694
33.700000000000209 8.09245 8.09245
33.80000000000021 8.09245 8.09245
33.900000000000212 8.21603 8.21603
34.000000000000213 8.33774 8.33774
34.100000000000215 8.33774 8.33774
34.200000000000216 8.45768 8.45768
34.300000000000217 8.57591 8.57591
34.400000000000219 8.57591 8.57591
34.50000000000022 8.69252 8.69252
34.600000000000222 8.69252 8.69252
34.700000000000223 8.80756 8.80756
34.800000000000225 8.9211 8.9211
34.900000000000226 8.9211 8.9211
35.000000000000227 9.03319 9.03319
35.100000000000229 9.14389 9.14389
35.20000000000023 9.14389 9.14389
35.300000000000232 9.25326 9.25326
35.400000000000233 9.25326 9.25326
35.500000000000234 9.36133 9.36133
35.600000000000236 9.46815 9.46815
35.700000000000237 9.46815 9.46815
35.800000000000239 9.57377 9.57377
35.90000000000024 9.67822 9.67822
36.000000000000242 9.67822 9.67822
36.100000000000243 9.78154 9.78154
36.200000000000244 9.78154 9.78154
36.300000000000246 9.88378 9.88378
36.400000000000247 9.98495 9.98495
36.500000000000249 9.98495 9.98495
36.60000000000025 10.0851 10.0851
36.700000000000252 10.1843 10.1843
36.800000000000253 10.1843 10.1843
36.900000000000254 10.2825 10.2825
37.000000000000256 10.2825 10.2825
37.100000000000257 10.3797 10.3797
37.200000000000259 10.476 10.476
37.30000000000026 10.476 10.476
37.400000000000261 10.5715 10.5715
37.500000000000263 10.6661 10.6661
37.600000000000264 10.6661 10.6661
37.700000000000266 10.7599 10.7599
37.800000000000267 10.7599 10.7599
37.900000000000269 10.8528 10.8528
38.00000000000027 10.9449 10.9449
38.100000000000271 10.9449 10.9449
38.200000000000273 10.9449 10.9449
38.300000000000274 10.9449 10.9449
38.400000000000276 10.9449 10.9449
38.500000000000277 1 1
38.600000000000279 1 1
38.70000000000028 1 1
38.800000000000281 1 1
38.900000000000283 1 1
39.000000000000284 1 1
39.100000000000286 1 1
39.200000000000287 1 1
39.300000000000288 1 1
39.40000000000029 1 1
39.500000000000291 1 1
39.600000000000293 5 5
39.700000000000294 5 5
39.800000000000296 5.2 5.2
39.900000000000297 5.2 5.2
40.000000000000298 5.39231 5.39231
40.1000000000003 5.39231 5.39231
40.200000000000301 5.57776 5.57776
40.300000000000303 5.75704 5.75704
40.400000000000304 5.75704 5.75704
40.500000000000306 5.93074 5.93074
40.600000000000307 6.09935 6.09935
40.700000000000308 6.09935 6.09935
40.80000000000031 6.26331 6.26331
40.900000000000311 6.26331 6.26331
41.000000000000313 6.42297 6.42297
41.100000000000314 6.57866 6.57866
41.200000000000315 6.57866 6.57866
41.300000000000317 6.73066 6.73066
41.400000000000318 6.87924 6.87924
41.50000000000032 6.87924 6.87924
41.600000000000321 7.0246 7.0246
41.700000000000323 7.0246 7.0246
41.800000000000324 7.16696 7.16696
41.900000000000325 7.30649 7.30649
42.000000000000327 7.30649 7.30649
42.100000000000328 7.44335 7.44335
42.20000000000033 7.5777 7.5777
42.300000000000331 7.5777 7.5777
42.400000000000333 7.70967 7.70967
42.500000000000334 7.70967 7.70967
42.600000000000335 7.83937 7.83937
42.700000000000337 7.96694 7.96694
42.800000000000338 7.96694 7.96694
42.90000000000034 8.09245 8.09245
43.000000000000341 8.21603 8.21603
43.100000000000342 8.21603 8.21603
43.200000000000344 8.33774 8.33774
43.300000000000345 8.33774 8.33774
43.400000000000347 8.45768 8.45768
43.500000000000348 8.57591 8.57591
43.60000000000035 8.57591 8.57591
43.700000000000351 8.69252 8.69252
43.800000000000352 8.80756 8.80756
43.900000000000354 8.80756 8.80756
44.000000000000355 8.9211 8.9211
44.100000000000357 8.9211 8.9211
44.200000000000358 9.03319 9.03319
44.30000000000036 9.14389 9.14389
44.400000000000361 9.14389 9.14389
44.500000000000362 9.25326 9.25326
44.600000000000364 9.36133 9.36133
44.700000000000365 9.36133 9.36133
44.800000000000367 9.46815 9.46815
44.900000000000368 9.46815 9.46815
45.000000000000369 9.57377 9.57377
45.100000000000371 9.67822 9.67822
45.200000000000372 9.67822 9.67822
45.300000000000374 9.78154 9.78154
45.400000000000375 9.88378 9.88378
45.500000000000377 9.88378 9.88378
45.600000000000378 9.98495 9.98495
45.700000000000379 9.98495 9.98495
45.800000000000381 10.0851 10.0851
45.900000000000382 10.1843 10.1843
46.000000000000384 10.1843 10.1843
46.100000000000385 10.2825 10.2825
46.200000000000387 10.3797 10.3797
46.300000000000388 10.3797 10.3797
46.400000000000389 10.476 10.476
46.500000000000391 10.476 10.476
46.600000000000392 10.5715 10.5715
46.700000000000394 10.6661 10.6661
46.800000000000395 10.6661 10.6661
46.900000000000396 10.7599 10.7599
47.000000000000398 10.8528 10.8528
47.100000000000399 10.8528 10.8528
47.200000000000401 10.9449 10.9449
47.300000000000402 10.9449 10.9449
47.400000000000404 10.9449 10.9449
47.500000000000405 10.9449 10.9449
47.600000000000406 10.9449 10.9449
47.700000000000408 1 1
47.800000000000409 1 1
47.900000000000411 1 1
48.000000000000412 1 1
48.100000000000414 1 1
48.200000000000415 1 1
48.300000000000416 1 1
48.400000000000418 1 1
48.500000000000419 1 1
48.600000000000421 1 1
48.700000000000422 1 1
48.800000000000423 5 5
48.900000000000425 5 5
49.000000000000426 5.2 5.2
49.100000000000428 5.2 5.2
49.200000000000429 5.39231 5.39231
49.300000000000431 5.57776 5.57776
49.400000000000432 5.57776 5.57776
49.500000000000433 5.75704 5.75704
49.600000000000435 5.75704 5.75704
49.700000000000436 5.93074 5.93074
49.800000000000438 6.09935 6.09935
49.900000000000439 6.09935 6.09935
50.000000000000441 6.26331 6.26331
50.100000000000442 6.42297 6.42297
50.200000000000443 6.42297 6.42297
50.300000000000445 6.57866 6.57866
50.400000000000446 6.57866 6.57866
50.500000000000448 6.73066 6.73066
50.600000000000449 6.87924 6.87924
50.70000000000045 6.87924 6.87924
50.800000000000452 7.0246 7.0246
50.900000000000453 7.16696 7.16696
51.000000000000455 7.16696 7.16696
51.100000000000456 7.30649 7.30649
51.200000000000458 7.30649 7.30649
51.300000000000459 7.44335 7.44335
51.40000000000046 7.5777 7.5777
51.500000000000462 7.5777 7.5777
51.600000000000463 7.70967 7.70967
51.700000000000465 7.83937 7.83937
51.800000000000466 7.83937 7.83937
51.900000000000468 7.96694 7.96694
52.000000000000469 7.96694 7.96694
52.10000000000047 8.09245 8.09245
52.200000000000472 8.21603 8.21603
52.300000000000473 8.21603 8.21603
52.400000000000475 8.33774 8.33774
52.500000000000476 8.45768 8.45768
52.600000000000477 8.45768 8.45768
52.700000000000479 8.57591 8.57591
52.80000000000048 8.57591 8.57591
52.900000000000482 8.69252 8.69252
53.000000000000483 8.80756 8.80756
53.100000000000485 8.80756 8.80756
53.200000000000486 8.9211 8.9211
53.300000000000487 9.03319 9.03319
53.400000000000489 9.03319 9.03319
53.50000000000049 9.14389 9.14389
53.600000000000492 9.14389 9.14389
53.700000000000493 9.25326 9.25326
53.800000000000495 9.36133 9.36133
53.900000000000496 9.36133 9.36133
54.000000000000497 9.46815 9.46815
54.100000000000499 9.57377 9.57377
54.2000000000005 9.57377 9.57377
54.300000000000502 9.67822 9.67822
54.400000000000503 9.67822 9.67822
54.500000000000504 9.78154 9.78154
54.600000000000506 9.88378 9.88378
54.700000000000507 9.88378 9.88378
54.800000000000509 9.98495 9.98495
54.90000000000051 10.0851 10.0851
55.000000000000512 10.0851 10.0851
55.100000000000513 10.1843 10.1843
55.200000000000514 10.1843 10.1843
55.300000000000516 10.2825 10.2825
55.400000000000517 10.3797 10.3797
55.500000000000519 10.3797 10.3797
55.60000000000052 10.476 10.476
55.700000000000522 10.5715 10.5715
55.800000000000523 10.5715 10.5715
55.900000000000524 10.6661 10.6661
56.000000000000526 10.6661 10.6661
56.100000000000527 10.7599 10.7599
56.200000000000529 10.8528 10.8528
56.30000000000053 10.8528 10.8528
56.400000000000531 10.9449 10.9449
56.500000000000533 10.9449 10.9449
56.600000000000534 10.9449 10.9449
56.700000000000536 10.9449 10.9449
56.800000000000537 10.9449 10.9449
56.900000000000539 1 1
57.00000000000054 1 1
57.100000000000541 1 1
57.200000000000543 1 1
57.300000000000544 1 1
57.400000000000546 1 1
57.500000000000547 1 1
57.600000000000549 1 1
57.70000000000055 1 1
57.800000000000551 1 1
57.900000000000553 1 1
58.000000000000554 5 5
58.100000000000556 5 5
58.200000000000557 5.2 5.2
58.300000000000558 5.39231 5.39231
58.40000000000056 5.39231 5.39231
58.500000000000561 5.57776 5.57776
58.600000000000563 5.57776 5.57776
58.700000000000564 5.75704 5.75704
58.800000000000566 5.93074 5.93074
58.900000000000567 5.93074 5.93074
59.000000000000568 6.09935 6.09935
59.10000000000057 6.26331 6.26331
59.200000000000571 6.26331 6.26331
59.300000000000573 6.42297 6.42297
59.400000000000574 6.42297 6.42297
59.500000000000576 6.57866 6.57866
59.600000000000577 6.73066 6.73066
59.700000000000578 6.73066 6.73066
59.80000000000058 6.87924 6.87924
59.900000000000581 7.0246 7.0246
