0 1 1
0.10000000000000001 1 1
0.20000000000000001 2 2
0.30000000000000004 2 2
0.40000000000000002 2 2
0.5 2 2
0.59999999999999998 2.5 2.5
0.69999999999999996 2.5 2.5
0.79999999999999993 2.5 2.5
0.89999999999999991 2.5 2.5
0.99999999999999989 1 1
1.0999999999999999 2 2
1.2 2.5 2.5
1.3 2.5 2.5
1.4000000000000001 2.5 2.5
1.5000000000000002 2.5 2.5
1.6000000000000003 2.5 2.5
1.7000000000000004 2.9 2.9
1.8000000000000005 2.9 2.9
1.9000000000000006 3.24483 3.24483
2.0000000000000004 3.55301 3.55301
2.1000000000000005 3.55301 3.55301
2.2000000000000006 3.83446 3.83446
2.3000000000000007 4.09525 4.09525
2.4000000000000008 4.09525 4.09525
2.5000000000000009 4.33944 4.33944
2.600000000000001 4.33944 4.33944
2.7000000000000011 4.56988 4.56988
2.8000000000000012 4.78871 4.78871
2.9000000000000012 4.78871 4.78871
3.0000000000000013 4.99753 4.99753
3.1000000000000014 5.19763 5.19763
3.2000000000000015 5.19763 5.19763
3.3000000000000016 5.39003 5.39003
3.4000000000000017 5.39003 5.39003
3.5000000000000018 5.57555 5.57555
3.6000000000000019 5.75491 5.75491
3.700000000000002 5.75491 5.75491
3.800000000000002 5.92867 5.92867
3.9000000000000021 6.09735 6.09735
4.0000000000000018 6.09735 6.09735
4.1000000000000014 6.26135 6.26135
4.2000000000000011 6.26135 6.26135
4.3000000000000007 6.42106 6.42106
4.4000000000000004 6.5768 6.5768
4.5 6.5768 6.5768
4.5999999999999996 6.72885 6.72885
4.6999999999999993 6.87746 6.87746
4.7999999999999989 6.87746 6.87746
4.8999999999999986 7.02286 7.02286
4.9999999999999982 7.02286 7.02286
5.0999999999999979 7.16526 7.16526
5.1999999999999975 7.30482 7.30482
5.2999999999999972 7.30482 7.30482
5.3999999999999968 7.44171 7.44171
5.4999999999999964 7.57609 7.57609
5.5999999999999961 7.57609 7.57609
5.6999999999999957 7.70809 7.70809
5.7999999999999954 7.70809 7.70809
5.899999999999995 7.83782 7.83782
5.9999999999999947 7.96541 7.96541
6.0999999999999943 7.96541 7.96541
6.199999999999994 8.09095 8.09095
6.2999999999999936 8.21454 8.21454
6.3999999999999932 8.21454 8.21454
6.4999999999999929 8.33628 8.33628
6.5999999999999925 8.33628 8.33628
6.6999999999999922 8.45624 8.45624
6.7999999999999918 8.57449 8.57449
6.8999999999999915 8.57449 8.57449
6.9999999999999911 8.69112 8.69112
7.0999999999999908 8.80618 8.80618
7.1999999999999904 8.80618 8.80618
7.2999999999999901 8.91974 8.91974
7.3999999999999897 8.91974 8.91974
7.4999999999999893 9.03185 9.03185
7.599999999999989 9.14257 9.14257
7.6999999999999886 9.14257 9.14257
7.7999999999999883 9.25194 9.25194
7.8999999999999879 9.36003 9.36003
7.9999999999999876 9.36003 9.36003
8.0999999999999872 9.46687 9.46687
8.1999999999999869 9.46687 9.46687
8.2999999999999865 9.5725 9.5725
8.3999999999999861 9.67696 9.67696
8.4999999999999858 9.67696 9.67696
8.5999999999999854 9.7803 9.7803
8.6999999999999851 9.88255 9.88255
8.7999999999999847 9.88255 9.88255
8.8999999999999844 9.98374 9.98374
8.999999999999984 9.98374 9.98374
9.0999999999999837 10.0839 10.0839
9.1999999999999833 10.1831 10.1831
9.2999999999999829 10.1831 10.1831
9.3999999999999826 10.2813 10.2813
9.4999999999999822 10.3785 10.3785
9.5999999999999819 10.3785 10.3785
9.6999999999999815 10.4749 10.4749
9.7999999999999812 10.4749 10.4749
9.8999999999999808 10.5704 10.5704
9.9999999999999805 10.665 10.665
10.09999999999998 10.665 10.665
10.19999999999998 10.7587 10.7587
10.299999999999979 10.8517 10.8517
10.399999999999979 10.8517 10.8517
10.499999999999979 10.9438 10.9438
10.599999999999978 10.9438 10.9438
10.699999999999978 10.9438 10.9438
10.799999999999978 10.9438 10.9438
10.899999999999977 10.9438 10.9438
10.999999999999977 10.9438 10.9438
11.099999999999977 10.9438 10.9438
11.199999999999976 10.9438 10.9438
11.299999999999976 10.9438 10.9438
11.399999999999975 10.9438 10.9438
11.499999999999975 10.9438 10.9438
11.599999999999975 10.9438 10.9438
11.699999999999974 10.9438 10.9438
11.799999999999974 10.9438 10.9438
11.899999999999974 10.9438 10.9438
11.999999999999973 10.9438 10.9438
12.099999999999973 10.9438 10.9438
12.199999999999973 10.9438 10.9438
12.299999999999972 10.9438 10.9438
12.399999999999972 10.9438 10.9438
12.499999999999972 10.9438 10.9438
12.599999999999971 10.9438 10.9438
12.699999999999971 10.9438 10.9438
12.799999999999971 10.9438 10.9438
12.89999999999997 10.9438 10.9438
12.99999999999997 10.9438 10.9438
13.099999999999969 10.9438 10.9438
13.199999999999969 10.9438 10.9438
13.299999999999969 10.9438 10.9438
13.399999999999968 10.9438 10.9438
13.499999999999968 10.9438 10.9438
13.599999999999968 10.9438 10.9438
13.699999999999967 1 1
13.799999999999967 1 1
13.899999999999967 5 5
13.999999999999966 5 5
14.099999999999966 5 5
14.199999999999966 5.2 5.2
14.299999999999965 5.39231 5.39231
14.399999999999965 5.39231 5.39231
14.499999999999964 5.57776 5.57776
14.599999999999964 5.75704 5.75704
14.699999999999964 5.75704 5.75704
14.799999999999963 5.93074 5.93074
14.899999999999963 5.93074 5.93074
14.999999999999963 6.09935 6.09935
15.099999999999962 6.26331 6.26331
15.199999999999962 6.26331 6.26331
15.299999999999962 6.42297 6.42297
15.399999999999961 6.57866 6.57866
15.499999999999961 6.57866 6.57866
15.599999999999961 6.73066 6.73066
15.69999999999996 6.73066 6.73066
15.79999999999996 6.87924 6.87924
15.899999999999959 7.0246 7.0246
15.999999999999959 7.0246 7.0246
16.099999999999959 7.16696 7.16696
16.19999999999996 7.30649 7.30649
16.299999999999962 7.30649 7.30649
16.399999999999963 7.44335 7.44335
16.499999999999964 7.44335 7.44335
16.599999999999966 7.5777 7.5777
16.699999999999967 7.70967 7.70967
16.799999999999969 7.70967 7.70967
16.89999999999997 7.83937 7.83937
16.999999999999972 7.96694 7.96694
17.099999999999973 7.96694 7.96694
17.199999999999974 8.09245 8.09245
17.299999999999976 8.09245 8.09245
17.399999999999977 8.21603 8.21603
17.499999999999979 8.33774 8.33774
17.59999999999998 8.33774 8.33774
17.699999999999982 8.45768 8.45768
17.799999999999983 8.57591 8.57591
17.899999999999984 8.57591 8.57591
17.999999999999986 8.69252 8.69252
18.099999999999987 8.69252 8.69252
18.199999999999989 8.80756 8.80756
18.29999999999999 8.9211 8.9211
18.399999999999991 8.9211 8.9211
18.499999999999993 9.03319 9.03319
18.599999999999994 9.14389 9.14389
18.699999999999996 9.14389 9.14389
18.799999999999997 9.25326 9.25326
18.899999999999999 9.25326 9.25326
19 9.36133 9.36133
19.100000000000001 9.46815 9.46815
19.200000000000003 9.46815 9.46815
19.300000000000004 9.57377 9.57377
19.400000000000006 9.67822 9.67822
19.500000000000007 9.67822 9.67822
19.600000000000009 9.78154 9.78154
19.70000000000001 9.78154 9.78154
19.800000000000011 9.88378 9.88378
19.900000000000013 9.98495 9.98495
20.000000000000014 9.98495 9.98495
20.100000000000016 10.0851 10.0851
20.200000000000017 10.1843 10.1843
20.300000000000018 10.1843 10.1843
20.40000000000002 10.2825 10.2825
20.500000000000021 10.2825 10.2825
20.600000000000023 10.3797 10.3797
20.700000000000024 10.476 10.476
20.800000000000026 10.476 10.476
20.900000000000027 10.5715 10.5715
21.000000000000028 10.6661 10.6661
21.10000000000003 10.6661 10.6661
21.200000000000031 10.7599 10.7599
21.300000000000033 10.7599 10.7599
21.400000000000034 10.8528 10.8528
21.500000000000036 10.9449 10.9449
21.600000000000037 10.9449 10.9449
21.700000000000038 10.9449 10.9449
21.80000000000004 10.9449 10.9449
21.900000000000041 10.9449 10.9449
22.000000000000043 10.9449 10.9449
22.100000000000044 10.9449 10.9449
22.200000000000045 10.9449 10.9449
22.300000000000047 10.9449 10.9449
22.400000000000048 10.9449 10.9449
22.50000000000005 10.9449 10.9449
22.600000000000051 10.9449 10.9449
22.700000000000053 10.9449 10.9449
22.800000000000054 10.9449 10.9449
22.900000000000055 10.9449 10.9449
23.000000000000057 10.9449 10.9449
23.100000000000058 10.9449 10.9449
23.20000000000006 10.9449 10.9449
23.300000000000061 10.9449 10.9449
23.400000000000063 10.9449 10.9449
23.500000000000064 10.9449 10.9449
23.600000000000065 10.9449 10.9449
23.700000000000067 10.9449 10.9449
23.800000000000068 10.9449 10.9449
23.90000000000007 10.9449 10.9449
24.000000000000071 10.9449 10.9449
24.100000000000072 10.9449 10.9449
24.200000000000074 10.9449 10.9449
24.300000000000075 1 1
24.400000000000077 1 1
24.500000000000078 5 5
24.60000000000008 5 5
24.700000000000081 5.2 5.2
24.800000000000082 5.2 5.2
24.900000000000084 5.39231 5.39231
25.000000000000085 5.57776 5.57776
25.100000000000087 5.57776 5.57776
25.200000000000088 5.75704 5.75704
25.30000000000009 5.93074 5.93074
25.400000000000091 5.93074 5.93074
25.500000000000092 6.09935 6.09935
25.600000000000094 6.09935 6.09935
25.700000000000095 6.26331 6.26331
25.800000000000097 6.42297 6.42297
25.900000000000098 6.42297 6.42297
26.000000000000099 6.57866 6.57866
26.100000000000101 6.73066 6.73066
26.200000000000102 6.73066 6.73066
26.300000000000104 6.87924 6.87924
26.400000000000105 6.87924 6.87924
26.500000000000107 7.0246 7.0246
26.600000000000108 7.16696 7.16696
26.700000000000109 7.16696 7.16696
26.800000000000111 7.30649 7.30649
26.900000000000112 7.44335 7.44335
27.000000000000114 7.44335 7.44335
27.100000000000115 7.5777 7.5777
27.200000000000117 7.5777 7.5777
27.300000000000118 7.70967 7.70967
27.400000000000119 7.83937 7.83937
27.500000000000121 7.83937 7.83937
27.600000000000122 7.96694 7.96694
27.700000000000124 8.09245 8.09245
27.800000000000125 8.09245 8.09245
27.900000000000126 8.21603 8.21603
28.000000000000128 8.21603 8.21603
28.100000000000129 8.33774 8.33774
28.200000000000131 8.45768 8.45768
28.300000000000132 8.45768 8.45768
28.400000000000134 8.57591 8.57591
28.500000000000135 8.69252 8.69252
28.600000000000136 8.69252 8.69252
28.700000000000138 8.80756 8.80756
28.800000000000139 8.80756 8.80756
28.900000000000141 8.9211 8.9211
29.000000000000142 9.03319 9.03319
29.100000000000144 9.03319 9.03319
29.200000000000145 9.14389 9.14389
29.300000000000146 9.25326 9.25326
29.400000000000148 9.25326 9.25326
29.500000000000149 9.36133 9.36133
29.600000000000151 9.36133 9.36133
29.700000000000152 9.46815 9.46815
29.800000000000153 9.57377 9.57377
29.900000000000155 9.57377 9.57377
30.000000000000156 9.67822 9.67822
30.100000000000158 9.78154 9.78154
30.200000000000159 9.78154 9.78154
30.300000000000161 9.88378 9.88378
30.400000000000162 9.88378 9.88378
30.500000000000163 9.98495 9.98495
30.600000000000165 10.0851 10.0851
30.700000000000166 10.0851 10.0851
30.800000000000168 10.1843 10.1843
30.900000000000169 10.2825 10.2825
31.000000000000171 10.2825 10.2825
31.100000000000172 10.3797 10.3797
31.200000000000173 10.3797 10.3797
31.300000000000175 10.476 10.476
31.400000000000176 10.5715 10.5715
31.500000000000178 10.5715 10.5715
31.600000000000179 10.6661 10.6661
31.70000000000018 10.7599 10.7599
31.800000000000182 10.7599 10.7599
31.900000000000183 10.8528 10.8528
32.000000000000185 10.8528 10.8528
32.100000000000186 10.9449 10.9449
32.200000000000188 10.9449 10.9449
32.300000000000189 10.9449 10.9449
32.40000000000019 10.9449 10.9449
32.500000000000192 10.9449 10.9449
32.600000000000193 10.9449 10.9449
32.700000000000195 10.9449 10.9449
32.800000000000196 10.9449 10.9449
32.900000000000198 10.9449 10.9449
33.000000000000199 10.9449 10.9449
33.1000000000002 10.9449 10.9449
33.200000000000202 10.9449 10.9449
33.300000000000203 10.9449 10.9449
33.400000000000205 10.9449 10.9449
33.500000000000206 10.9449 10.9449
33.600000000000207 10.9449 10.9449
33.700000000000209 10.9449 10.9449
33.80000000000021 10.9449 10.9449
33.900000000000212 10.9449 10.9449
34.000000000000213 10.9449 10.9449
34.100000000000215 10.9449 10.9449
34.200000000000216 10.9449 10.9449
34.300000000000217 10.9449 10.9449
34.400000000000219 10.9449 10.9449
34.50000000000022 1 1
34.600000000000222 1 1
34.700000000000223 5 5
34.800000000000225 5 5
34.900000000000226 5.2 5.2
35.000000000000227 5.2 5.2
35.100000000000229 5.39231 5.39231
35.20000000000023 5.57776 5.57776
35.300000000000232 5.57776 5.57776
35.400000000000233 5.75704 5.75704
35.500000000000234 5.75704 5.75704
35.600000000000236 5.93074 5.93074
35.700000000000237 6.09935 6.09935
35.800000000000239 6.09935 6.09935
35.90000000000024 6.26331 6.26331
36.000000000000242 6.42297 6.42297
36.100000000000243 6.42297 6.42297
36.200000000000244 6.57866 6.57866
36.300000000000246 6.57866 6.57866
36.400000000000247 6.73066 6.73066
36.500000000000249 6.87924 6.87924
36.60000000000025 6.87924 6.87924
36.700000000000252 7.0246 7.0246
36.800000000000253 7.16696 7.16696
36.900000000000254 7.16696 7.16696
37.000000000000256 7.30649 7.30649
37.100000000000257 7.30649 7.30649
37.200000000000259 7.44335 7.44335
37.30000000000026 7.5777 7.5777
37.400000000000261 7.5777 7.5777
37.500000000000263 7.70967 7.70967
37.600000000000264 7.83937 7.83937
37.700000000000266 7.83937 7.83937
37.800000000000267 7.96694 7.96694
37.900000000000269 7.96694 7.96694
38.00000000000027 8.09245 8.09245
38.100000000000271 8.21603 8.21603
38.200000000000273 8.21603 8.21603
38.300000000000274 8.33774 8.33774
38.400000000000276 8.45768 8.45768
38.500000000000277 8.45768 8.45768
38.600000000000279 8.57591 8.57591
38.70000000000028 8.57591 8.57591
38.800000000000281 8.69252 8.69252
38.900000000000283 8.80756 8.80756
39.000000000000284 8.80756 8.80756
39.100000000000286 8.9211 8.9211
39.200000000000287 9.03319 9.03319
39.300000000000288 9.03319 9.03319
39.40000000000029 9.14389 9.14389
39.500000000000291 9.14389 9.14389
39.600000000000293 9.25326 9.25326
39.700000000000294 9.36133 9.36133
39.800000000000296 9.36133 9.36133
39.900000000000297 9.46815 9.46815
40.000000000000298 9.57377 9.57377
40.1000000000003 9.57377 9.57377
40.200000000000301 9.67822 9.67822
40.300000000000303 9.67822 9.67822
40.400000000000304 9.78154 9.78154
40.500000000000306 9.88378 9.88378
40.600000000000307 9.88378 9.88378
40.700000000000308 9.98495 9.98495
40.80000000000031 10.0851 10.0851
40.900000000000311 10.0851 10.0851
41.000000000000313 10.1843 10.1843
41.100000000000314 10.1843 10.1843
41.200000000000315 10.2825 10.2825
41.300000000000317 10.3797 10.3797
41.400000000000318 10.3797 10.3797
41.50000000000032 10.476 10.476
41.600000000000321 10.5715 10.5715
41.700000000000323 10.5715 10.5715
41.800000000000324 10.6661 10.6661
41.900000000000325 10.6661 10.6661
42.000000000000327 10.7599 10.7599
42.100000000000328 10.8528 10.8528
42.20000000000033 10.8528 10.8528
42.300000000000331 10.9449 10.9449
42.400000000000333 10.9449 10.9449
42.500000000000334 10.9449 10.9449
42.600000000000335 10.9449 10.9449
42.700000000000337 10.9449 10.9449
42.800000000000338 10.9449 10.9449
42.90000000000034 10.9449 10.9449
43.000000000000341 10.9449 10.9449
43.100000000000342 10.9449 10.9449
43.200000000000344 10.9449 10.9449
43.300000000000345 10.9449 10.9449
43.400000000000347 10.9449 10.9449
43.500000000000348 10.9449 10.9449
43.60000000000035 10.9449 10.9449
43.700000000000351 10.9449 10.9449
43.800000000000352 10.9449 10.9449
43.900000000000354 10.9449 10.9449
44.000000000000355 10.9449 10.9449
44.100000000000357 10.9449 10.9449
44.200000000000358 10.9449 10.9449
44.30000000000036 10.9449 10.9449
44.400000000000361 10.9449 10.9449
44.500000000000362 10.9449 10.9449
44.600000000000364 1 1
44.700000000000365 1 1
44.800000000000367 5 5
44.900000000000368 5 5
45.000000000000369 5.2 5.2
45.100000000000371 5.2 5.2
45.200000000000372 5.39231 5.39231
45.300000000000374 5.39231 5.39231
45.400000000000375 5.57776 5.57776
45.500000000000377 5.75704 5.75704
45.600000000000378 5.75704 5.75704
45.700000000000379 5.93074 5.93074
45.800000000000381 6.09935 6.09935
45.900000000000382 6.09935 6.09935
46.000000000000384 6.26331 6.26331
46.100000000000385 6.26331 6.26331
46.200000000000387 6.42297 6.42297
46.300000000000388 6.57866 6.57866
46.400000000000389 6.57866 6.57866
46.500000000000391 6.73066 6.73066
46.600000000000392 6.87924 6.87924
46.700000000000394 6.87924 6.87924
46.800000000000395 7.0246 7.0246
46.900000000000396 7.0246 7.0246
47.000000000000398 7.16696 7.16696
47.100000000000399 7.30649 7.30649
47.200000000000401 7.30649 7.30649
47.300000000000402 7.44335 7.44335
47.400000000000404 7.5777 7.5777
47.500000000000405 7.5777 7.5777
47.600000000000406 7.70967 7.70967
47.700000000000408 7.70967 7.70967
47.800000000000409 7.83937 7.83937
47.900000000000411 7.96694 7.96694
48.000000000000412 7.96694 7.96694
48.100000000000414 8.09245 8.09245
48.200000000000415 8.21603 8.21603
48.300000000000416 8.21603 8.21603
48.400000000000418 8.33774 8.33774
48.500000000000419 8.33774 8.33774
48.600000000000421 8.45768 8.45768
48.700000000000422 8.57591 8.57591
48.800000000000423 8.57591 8.57591
48.900000000000425 8.69252 8.69252
49.000000000000426 8.80756 8.80756
49.100000000000428 8.80756 8.80756
49.200000000000429 8.9211 8.9211
49.300000000000431 8.9211 8.9211
49.400000000000432 9.03319 9.03319
49.500000000000433 9.14389 9.14389
49.600000000000435 9.14389 9.14389
49.700000000000436 9.25326 9.25326
49.800000000000438 9.36133 9.36133
49.900000000000439 9.36133 9.36133
50.000000000000441 9.46815 9.46815
50.100000000000442 9.46815 9.46815
50.200000000000443 9.57377 9.57377
50.300000000000445 9.67822 9.67822
50.400000000000446 9.67822 9.67822
50.500000000000448 9.78154 9.78154
50.600000000000449 9.88378 9.88378
50.70000000000045 9.88378 9.88378
50.800000000000452 9.98495 9.98495
50.900000000000453 9.98495 9.98495
51.000000000000455 10.0851 10.0851
51.100000000000456 10.1843 10.1843
51.200000000000458 10.1843 10.1843
51.300000000000459 10.2825 10.2825
51.40000000000046 10.3797 10.3797
51.500000000000462 10.3797 10.3797
51.600000000000463 10.476 10.476
51.700000000000465 10.476 10.476
51.800000000000466 10.5715 10.5715
51.900000000000468 10.6661 10.6661
52.000000000000469 10.6661 10.6661
52.10000000000047 10.7599 10.7599
52.200000000000472 10.8528 10.8528
52.300000000000473 10.8528 10.8528
52.400000000000475 10.9449 10.9449
52.500000000000476 10.9449 10.9449
52.600000000000477 10.9449 10.9449
52.700000000000479 10.9449 10.9449
52.80000000000048 10.9449 10.9449
52.900000000000482 10.9449 10.9449
53.000000000000483 10.9449 10.9449
53.100000000000485 10.9449 10.9449
53.200000000000486 10.9449 10.9449
53.300000000000487 10.9449 10.9449
53.400000000000489 10.9449 10.9449
53.50000000000049 10.9449 10.9449
53.600000000000492 10.9449 10.9449
53.700000000000493 10.9449 10.9449
53.800000000000495 10.9449 10.9449
53.900000000000496 10.9449 10.9449
54.000000000000497 10.9449 10.9449
54.100000000000499 10.9449 10.9449
54.2000000000005 10.9449 10.9449
54.300000000000502 10.9449 10.9449
54.400000000000503 10.9449 10.9449
54.500000000000504 10.9449 10.9449
54.600000000000506 10.9449 10.9449
54.700000000000507 1 1
54.800000000000509 1 1
54.90000000000051 5 5
55.000000000000512 5 5
55.100000000000513 5.2 5.2
55.200000000000514 5.2 5.2
55.300000000000516 5.39231 5.39231
55.400000000000517 5.39231 5.39231
55.500000000000519 5.57776 5.57776
55.60000000000052 5.75704 5.75704
55.700000000000522 5.75704 5.75704
55.800000000000523 5.93074 5.93074
55.900000000000524 6.09935 6.09935
56.000000000000526 6.09935 6.09935
56.100000000000527 6.26331 6.26331
56.200000000000529 6.26331 6.26331
56.30000000000053 6.42297 6.42297
56.400000000000531 6.57866 6.57866
56.500000000000533 6.57866 6.57866
56.600000000000534 6.73066 6.73066
56.700000000000536 6.87924 6.87924
56.800000000000537 6.87924 6.87924
56.900000000000539 7.0246 7.0246
57.00000000000054 7.0246 7.0246
57.100000000000541 7.16696 7.16696
57.200000000000543 7.30649 7.30649
57.300000000000544 7.30649 7.30649
57.400000000000546 7.44335 7.44335
57.500000000000547 7.5777 7.5777
57.600000000000549 7.5777 7.5777
57.70000000000055 7.70967 7.70967
57.800000000000551 7.70967 7.70967
57.900000000000553 7.83937 7.83937
58.000000000000554 7.96694 7.96694
58.100000000000556 7.96694 7.96694
58.200000000000557 8.09245 8.09245
58.300000000000558 8.21603 8.21603
58.40000000000056 8.21603 8.21603
58.500000000000561 8.33774 8.33774
58.600000000000563 8.33774 8.33774
58.700000000000564 8.45768 8.45768
58.800000000000566 8.57591 8.57591
58.900000000000567 8.57591 8.57591
59.000000000000568 8.69252 8.69252
59.10000000000057 8.80756 8.80756
59.200000000000571 8.80756 8.80756
59.300000000000573 8.9211 8.9211
59.400000000000574 8.9211 8.9211
59.500000000000576 9.03319 9.03319
59.600000000000577 9.14389 9.14389
59.700000000000578 9.14389 9.14389
59.80000000000058 9.25326 9.25326
59.900000000000581 9.36133 9.36133
