0 0 20
0.10000000000000001 0 50
0.20000000000000001 3 50
0.30000000000000004 3 50
0.40000000000000002 4 2
0.5 4 2
0.59999999999999998 5 2
0.69999999999999996 5 2
0.79999999999999993 6 2
0.89999999999999991 7 2
0.99999999999999989 4 2
1.0999999999999999 6 2
1.2 6 2
1.3 7 2
1.4000000000000001 8 2
1.5000000000000002 8 2
1.6000000000000003 10 2
1.7000000000000004 10 2
1.8000000000000005 11 2
1.9000000000000006 12 2
2.0000000000000004 12 2
2.1000000000000005 12 2
2.2000000000000006 12 2
2.3000000000000007 12 2
2.4000000000000008 10 2
2.5000000000000009 10 2
2.600000000000001 11 2
2.7000000000000011 11 2
2.8000000000000012 12 2
2.9000000000000012 14 2
3.0000000000000013 14 2
3.1000000000000014 15 2
3.2000000000000015 15 2
3.3000000000000016 16 2
3.4000000000000017 17 2
3.5000000000000018 17 2
3.6000000000000019 17 2
3.700000000000002 17 2
3.800000000000002 17 2
3.9000000000000021 17 2
4.0000000000000018 17 2
4.1000000000000014 17 2
4.2000000000000011 17 2
4.3000000000000007 18 2
4.4000000000000004 19 2
4.5 19 2
4.5999999999999996 20 2
4.6999999999999993 20 2
4.7999999999999989 21 2
4.8999999999999986 22 2
4.9999999999999982 22 2
5.0999999999999979 24 2
5.1999999999999975 24 2
5.2999999999999972 25 2
5.3999999999999968 26 2
5.4999999999999964 26 2
5.5999999999999961 27 2
5.6999999999999957 28 2
5.7999999999999954 28 2
5.899999999999995 30 2
5.9999999999999947 30 2
6.0999999999999943 31 2
6.199999999999994 32 2
6.2999999999999936 32 2
6.3999999999999932 33 2
6.4999999999999929 33 2
6.5999999999999925 34 2
6.6999999999999922 35 2
6.7999999999999918 35 2
6.8999999999999915 37 2
6.9999999999999911 37 2
7.0999999999999908 38 2
7.1999999999999904 39 2
7.2999999999999901 39 2
7.3999999999999897 40 2
7.4999999999999893 40 2
7.599999999999989 41 2
7.6999999999999886 42 2
7.7999999999999883 42 2
7.8999999999999879 43 2
7.9999999999999876 43 2
8.0999999999999872 44 2
8.1999999999999869 46 2
8.2999999999999865 46 2
8.3999999999999861 47 2
8.4999999999999858 47 2
8.5999999999999854 48 2
8.6999999999999851 49 2
8.7999999999999847 49 2
8.8999999999999844 50 2
8.999999999999984 50 2
9.0999999999999837 51 2
9.1999999999999833 52 2
9.2999999999999829 52 2
9.3999999999999826 53 2
9.4999999999999822 53 2
9.5999999999999819 55 2
9.6999999999999815 56 2
9.7999999999999812 56 2
9.8999999999999808 57 2
9.9999999999999805 57 2
10.09999999999998 58 2
10.19999999999998 59 2
10.299999999999979 59 2
10.399999999999979 60 2
10.499999999999979 60 2
10.599999999999978 61 2
10.699999999999978 62 2
10.799999999999978 62 2
10.899999999999977 63 2
10.999999999999977 63 2
11.099999999999977 64 2
11.199999999999976 66 2
11.299999999999976 66 2
11.399999999999975 67 2
11.499999999999975 67 2
11.599999999999975 68 2
11.699999999999974 69 2
11.799999999999974 69 2
11.899999999999974 70 2
11.999999999999973 70 2
12.099999999999973 71 2
12.199999999999973 72 2
12.299999999999972 72 2
12.399999999999972 73 2
12.499999999999972 73 2
12.599999999999971 74 2
12.699999999999971 75 2
12.799999999999971 75 2
12.89999999999997 76 2
12.99999999999997 76 2
13.099999999999969 77 2
13.199999999999969 66 5
13.299999999999969 66 5
13.399999999999968 66 5
13.499999999999968 66 5
13.599999999999968 66 5
13.699999999999967 66 5
13.799999999999967 66 5
13.899999999999967 66 5
13.999999999999966 66 5
14.099999999999966 66 5
14.199999999999966 66 5
14.299999999999965 66 5
14.399999999999965 66 5
14.499999999999964 66 5
14.599999999999964 66 5
14.699999999999964 79 5
14.799999999999963 79 5
14.899999999999963 79 5
14.999999999999963 81 5
15.099999999999962 83 5
15.199999999999962 83 5
15.299999999999962 85 5
15.399999999999961 85 5
15.499999999999961 86 5
15.599999999999961 87 5
15.69999999999996 87 5
15.79999999999996 88 5
15.899999999999959 88 5
15.999999999999959 89 5
16.099999999999959 90 5
16.19999999999996 90 5
16.299999999999962 92 5
16.399999999999963 92 5
16.499999999999964 93 5
16.599999999999966 94 5
16.699999999999967 94 5
16.799999999999969 95 5
16.89999999999997 95 5
16.999999999999972 96 5
17.099999999999973 97 5
17.199999999999974 97 5
17.299999999999976 99 5
17.399999999999977 99 5
17.499999999999979 100 5
17.59999999999998 101 5
17.699999999999982 101 5
17.799999999999983 102 5
17.899999999999984 102 5
17.999999999999986 103 5
18.099999999999987 104 5
18.199999999999989 104 5
18.29999999999999 105 5
18.399999999999991 105 5
18.499999999999993 106 5
18.599999999999994 108 5
18.699999999999996 108 5
18.799999999999997 109 5
18.899999999999999 109 5
19 110 5
19.100000000000001 111 5
19.200000000000003 111 5
19.300000000000004 112 5
19.400000000000006 113 5
19.500000000000007 113 5
19.600000000000009 114 5
19.70000000000001 114 5
19.800000000000011 115 5
19.900000000000013 117 5
20.000000000000014 117 5
20.100000000000016 118 5
20.200000000000017 118 5
20.300000000000018 119 5
20.40000000000002 120 5
20.500000000000021 120 5
20.600000000000023 121 5
20.700000000000024 121 5
20.800000000000026 122 5
20.900000000000027 123 5
21.000000000000028 123 5
21.10000000000003 124 5
21.200000000000031 124 5
21.300000000000033 125 5
21.400000000000034 126 5
21.500000000000036 126 5
21.600000000000037 128 5
21.700000000000038 128 5
21.80000000000004 129 5
21.900000000000041 130 5
22.000000000000043 130 5
22.100000000000044 131 5
22.200000000000045 131 5
22.300000000000047 132 5
22.400000000000048 133 5
22.50000000000005 133 5
22.600000000000051 134 5
22.700000000000053 134 5
22.800000000000054 135 5
22.900000000000055 136 5
23.000000000000057 136 5
23.100000000000058 137 5
23.20000000000006 137 5
23.300000000000061 138 5
23.400000000000063 139 5
23.500000000000064 139 5
23.600000000000065 128 5
23.700000000000067 128 5
23.800000000000068 128 5
23.90000000000007 128 5
24.000000000000071 128 5
24.100000000000072 128 5
24.200000000000074 128 5
24.300000000000075 128 5
24.400000000000077 128 5
24.500000000000078 128 5
24.60000000000008 128 5
24.700000000000081 128 5
24.800000000000082 128 5
24.900000000000084 128 5
25.000000000000085 128 5
25.100000000000087 141 5
25.200000000000088 141 5
25.30000000000009 143 5
25.400000000000091 143 5
25.500000000000092 145 5
25.600000000000094 145 5
25.700000000000095 147 5
25.800000000000097 148 5
25.900000000000098 148 5
26.000000000000099 149 5
26.100000000000101 149 5
26.200000000000102 150 5
26.300000000000104 151 5
26.400000000000105 151 5
26.500000000000107 152 5
26.600000000000108 152 5
26.700000000000109 154 5
26.800000000000111 155 5
26.900000000000112 155 5
27.000000000000114 156 5
27.100000000000115 156 5
27.200000000000117 157 5
27.300000000000118 158 5
27.400000000000119 158 5
27.500000000000121 159 5
27.600000000000122 159 5
27.700000000000124 161 5
27.800000000000125 162 5
27.900000000000126 162 5
28.000000000000128 163 5
28.100000000000129 163 5
28.200000000000131 164 5
28.300000000000132 165 5
28.400000000000134 165 5
28.500000000000135 166 5
28.600000000000136 166 5
28.700000000000138 167 5
28.800000000000139 168 5
28.900000000000141 168 5
29.000000000000142 170 5
29.100000000000144 170 5
29.200000000000145 171 5
29.300000000000146 172 5
29.400000000000148 172 5
29.500000000000149 173 5
29.600000000000151 173 5
29.700000000000152 174 5
29.800000000000153 175 5
29.900000000000155 175 5
30.000000000000156 176 5
30.100000000000158 176 5
30.200000000000159 177 5
30.300000000000161 179 5
30.400000000000162 179 5
30.500000000000163 180 5
30.600000000000165 180 5
30.700000000000166 181 5
30.800000000000168 182 5
30.900000000000169 182 5
31.000000000000171 183 5
31.100000000000172 183 5
31.200000000000173 184 5
31.300000000000175 185 5
31.400000000000176 185 5
31.500000000000178 186 5
31.600000000000179 186 5
31.70000000000018 187 5
31.800000000000182 188 5
31.900000000000183 188 5
32.000000000000185 190 5
32.100000000000186 190 5
32.200000000000188 191 5
32.300000000000189 192 5
32.40000000000019 192 5
32.500000000000192 193 5
32.600000000000193 193 5
32.700000000000195 194 5
32.800000000000196 195 5
32.900000000000198 195 5
33.000000000000199 196 5
33.1000000000002 197 5
33.200000000000202 197 5
33.300000000000203 198 5
33.400000000000205 198 5
33.500000000000206 199 5
33.600000000000207 200 5
33.700000000000209 200 5
33.80000000000021 201 5
33.900000000000212 201 5
34.000000000000213 190 5
34.100000000000215 190 5
34.200000000000216 190 5
34.300000000000217 190 5
34.400000000000219 190 5
34.50000000000022 190 5
34.600000000000222 190 5
34.700000000000223 190 5
34.800000000000225 190 5
34.900000000000226 190 5
35.000000000000227 190 5
35.100000000000229 190 5
35.20000000000023 190 5
35.300000000000232 190 5
35.400000000000233 190 5
35.500000000000234 203 5
35.600000000000236 203 5
35.700000000000237 205 5
35.800000000000239 205 5
35.90000000000024 207 5
36.000000000000242 209 5
36.100000000000243 209 5
36.200000000000244 210 5
36.300000000000246 210 5
36.400000000000247 211 5
36.500000000000249 212 5
36.60000000000025 212 5
36.700000000000252 213 5
36.800000000000253 213 5
36.900000000000254 214 5
37.000000000000256 216 5
37.100000000000257 216 5
37.200000000000259 217 5
37.30000000000026 217 5
37.400000000000261 218 5
37.500000000000263 219 5
37.600000000000264 219 5
37.700000000000266 220 5
37.800000000000267 220 5
37.900000000000269 221 5
38.00000000000027 223 5
38.100000000000271 223 5
38.200000000000273 224 5
38.300000000000274 224 5
38.400000000000276 225 5
38.500000000000277 226 5
38.600000000000279 226 5
38.70000000000028 227 5
38.800000000000281 227 5
38.900000000000283 228 5
39.000000000000284 229 5
39.100000000000286 229 5
39.200000000000287 230 5
39.300000000000288 230 5
39.40000000000029 232 5
39.500000000000291 233 5
39.600000000000293 233 5
39.700000000000294 234 5
39.800000000000296 234 5
39.900000000000297 235 5
40.000000000000298 236 5
40.1000000000003 236 5
40.200000000000301 237 5
40.300000000000303 237 5
40.400000000000304 238 5
40.500000000000306 239 5
40.600000000000307 239 5
40.700000000000308 241 5
40.80000000000031 241 5
40.900000000000311 242 5
41.000000000000313 243 5
41.100000000000314 243 5
41.200000000000315 244 5
41.300000000000317 244 5
41.400000000000318 245 5
41.50000000000032 246 5
41.600000000000321 246 5
41.700000000000323 247 5
41.800000000000324 247 5
41.900000000000325 248 5
42.000000000000327 249 5
42.100000000000328 249 5
42.20000000000033 250 5
42.300000000000331 250 5
42.400000000000333 252 5
42.500000000000334 253 5
42.600000000000335 253 5
42.700000000000337 254 5
42.800000000000338 254 5
42.90000000000034 255 5
43.000000000000341 256 5
43.100000000000342 256 5
43.200000000000344 257 5
43.300000000000345 257 5
43.400000000000347 258 5
43.500000000000348 259 5
43.60000000000035 259 5
43.700000000000351 260 5
43.800000000000352 260 5
43.900000000000354 261 5
44.000000000000355 262 5
44.100000000000357 262 5
44.200000000000358 263 5
44.30000000000036 263 5
44.400000000000361 252 5
44.500000000000362 252 5
44.600000000000364 252 5
44.700000000000365 252 5
44.800000000000367 252 5
44.900000000000368 252 5
45.000000000000369 252 5
45.100000000000371 252 5
45.200000000000372 252 5
45.300000000000374 252 5
45.400000000000375 252 5
45.500000000000377 252 5
45.600000000000378 252 5
45.700000000000379 252 5
45.800000000000381 252 5
45.900000000000382 265 5
46.000000000000384 265 5
46.100000000000385 267 5
46.200000000000387 269 5
46.300000000000388 269 5
46.400000000000389 271 5
46.500000000000391 271 5
46.600000000000392 272 5
46.700000000000394 273 5
46.800000000000395 273 5
46.900000000000396 274 5
47.000000000000398 274 5
47.100000000000399 275 5
47.200000000000401 276 5
47.300000000000402 276 5
47.400000000000404 278 5
47.500000000000405 278 5
47.600000000000406 279 5
47.700000000000408 280 5
47.800000000000409 280 5
47.900000000000411 281 5
48.000000000000412 281 5
48.100000000000414 282 5
48.200000000000415 283 5
48.300000000000416 283 5
48.400000000000418 285 5
48.500000000000419 285 5
48.600000000000421 286 5
48.700000000000422 287 5
48.800000000000423 287 5
48.900000000000425 288 5
49.000000000000426 288 5
49.100000000000428 289 5
49.200000000000429 290 5
49.300000000000431 290 5
49.400000000000432 291 5
49.500000000000433 291 5
49.600000000000435 292 5
49.700000000000436 294 5
49.800000000000438 294 5
49.900000000000439 295 5
50.000000000000441 295 5
50.100000000000442 296 5
50.200000000000443 297 5
50.300000000000445 297 5
50.400000000000446 298 5
50.500000000000448 298 5
50.600000000000449 299 5
50.70000000000045 300 5
50.800000000000452 300 5
50.900000000000453 301 5
51.000000000000455 301 5
51.100000000000456 303 5
51.200000000000458 304 5
51.300000000000459 304 5
51.40000000000046 305 5
51.500000000000462 305 5
51.600000000000463 306 5
51.700000000000465 307 5
51.800000000000466 307 5
51.900000000000468 308 5
52.000000000000469 308 5
52.10000000000047 309 5
52.200000000000472 310 5
52.300000000000473 310 5
52.400000000000475 311 5
52.500000000000476 311 5
52.600000000000477 312 5
52.700000000000479 314 5
52.80000000000048 314 5
52.900000000000482 315 5
53.000000000000483 315 5
53.100000000000485 316 5
53.200000000000486 317 5
53.300000000000487 317 5
53.400000000000489 318 5
53.50000000000049 318 5
53.600000000000492 319 5
53.700000000000493 320 5
53.800000000000495 320 5
53.900000000000496 321 5
54.000000000000497 321 5
54.100000000000499 322 5
54.2000000000005 323 5
54.300000000000502 323 5
54.400000000000503 324 5
54.500000000000504 324 5
54.600000000000506 325 5
54.700000000000507 314 5
54.800000000000509 314 5
54.90000000000051 314 5
55.000000000000512 314 5
55.100000000000513 314 5
55.200000000000514 314 5
55.300000000000516 314 5
55.400000000000517 314 5
55.500000000000519 314 5
55.60000000000052 314 5
55.700000000000522 314 5
55.800000000000523 314 5
55.900000000000524 314 5
56.000000000000526 314 5
56.100000000000527 314 5
56.200000000000529 327 5
56.30000000000053 327 5
56.400000000000531 329 5
56.500000000000533 329 5
56.600000000000534 331 5
56.700000000000536 331 5
56.800000000000537 333 5
56.900000000000539 334 5
57.00000000000054 334 5
57.100000000000541 335 5
57.200000000000543 335 5
57.300000000000544 336 5
57.400000000000546 337 5
57.500000000000547 337 5
57.600000000000549 338 5
57.70000000000055 338 5
57.800000000000551 340 5
57.900000000000553 341 5
58.000000000000554 341 5
58.100000000000556 342 5
58.200000000000557 342 5
58.300000000000558 343 5
58.40000000000056 344 5
58.500000000000561 344 5
58.600000000000563 345 5
58.700000000000564 345 5
58.800000000000566 347 5
58.900000000000567 348 5
59.000000000000568 348 5
59.10000000000057 349 5
59.200000000000571 349 5
59.300000000000573 350 5
59.400000000000574 351 5
59.500000000000576 351 5
59.600000000000577 352 5
59.700000000000578 352 5
59.80000000000058 353 5
59.900000000000581 354 5
