0 1 1
0.10000000000000001 1 1
0.20000000000000001 2 2
0.30000000000000004 2 2
0.40000000000000002 2 2
0.5 2 2
0.59999999999999998 2.5 2.5
0.69999999999999996 2.5 2.5
0.79999999999999993 2.5 2.5
0.89999999999999991 2.5 2.5
0.99999999999999989 1 1
1.0999999999999999 2 2
1.2 2 2
1.3 2.5 2.5
1.4000000000000001 2.9 2.9
1.5000000000000002 2.9 2.9
1.6000000000000003 3.24483 3.24483
1.7000000000000004 3.24483 3.24483
1.8000000000000005 3.24483 3.24483
1.9000000000000006 3.24483 3.24483
2.0000000000000004 3.24483 3.24483
2.1000000000000005 3.24483 3.24483
2.2000000000000006 3.24483 3.24483
2.3000000000000007 3.24483 3.24483
2.4000000000000008 2 2
2.5000000000000009 2 2
2.600000000000001 2.5 2.5
2.7000000000000011 2.5 2.5
2.8000000000000012 2.9 2.9
2.9000000000000012 3.24483 3.24483
3.0000000000000013 3.24483 3.24483
3.1000000000000014 3.55301 3.55301
3.2000000000000015 3.55301 3.55301
3.3000000000000016 3.55301 3.55301
3.4000000000000017 3.55301 3.55301
3.5000000000000018 3.55301 3.55301
3.6000000000000019 3.55301 3.55301
3.700000000000002 3.55301 3.55301
3.800000000000002 3.55301 3.55301
3.9000000000000021 3.55301 3.55301
4.0000000000000018 3.55301 3.55301
4.1000000000000014 3.83446 3.83446
4.2000000000000011 3.83446 3.83446
4.3000000000000007 4.09525 4.09525
4.4000000000000004 4.33944 4.33944
4.5 4.33944 4.33944
4.5999999999999996 4.56988 4.56988
4.6999999999999993 4.56988 4.56988
4.7999999999999989 4.78871 4.78871
4.8999999999999986 4.99753 4.99753
4.9999999999999982 4.99753 4.99753
5.0999999999999979 5.19763 5.19763
5.1999999999999975 5.19763 5.19763
5.2999999999999972 5.39003 5.39003
5.3999999999999968 5.57555 5.57555
5.4999999999999964 5.57555 5.57555
5.5999999999999961 5.75491 5.75491
5.6999999999999957 5.92867 5.92867
5.7999999999999954 5.92867 5.92867
5.899999999999995 6.09735 6.09735
5.9999999999999947 6.09735 6.09735
6.0999999999999943 6.26135 6.26135
6.199999999999994 6.42106 6.42106
6.2999999999999936 6.42106 6.42106
6.3999999999999932 6.5768 6.5768
6.4999999999999929 6.5768 6.5768
6.5999999999999925 6.72885 6.72885
6.6999999999999922 6.87746 6.87746
6.7999999999999918 6.87746 6.87746
6.8999999999999915 7.02286 7.02286
6.9999999999999911 7.02286 7.02286
7.0999999999999908 7.16526 7.16526
7.1999999999999904 7.30482 7.30482
7.2999999999999901 7.30482 7.30482
7.3999999999999897 7.44171 7.44171
7.4999999999999893 7.44171 7.44171
7.599999999999989 7.57609 7.57609
7.6999999999999886 7.70809 7.70809
7.7999999999999883 7.70809 7.70809
7.8999999999999879 7.83782 7.83782
7.9999999999999876 7.83782 7.83782
8.0999999999999872 7.96541 7.96541
8.1999999999999869 8.09095 8.09095
8.2999999999999865 8.09095 8.09095
8.3999999999999861 8.21454 8.21454
8.4999999999999858 8.21454 8.21454
8.5999999999999854 8.33628 8.33628
8.6999999999999851 8.45624 8.45624
8.7999999999999847 8.45624 8.45624
8.8999999999999844 8.57449 8.57449
8.999999999999984 8.57449 8.57449
9.0999999999999837 8.69112 8.69112
9.1999999999999833 8.80618 8.80618
9.2999999999999829 8.80618 8.80618
9.3999999999999826 8.91974 8.91974
9.4999999999999822 8.91974 8.91974
9.5999999999999819 9.03185 9.03185
9.6999999999999815 9.14257 9.14257
9.7999999999999812 9.14257 9.14257
9.8999999999999808 9.25194 9.25194
9.9999999999999805 9.25194 9.25194
10.09999999999998 9.36003 9.36003
10.19999999999998 9.46687 9.46687
10.299999999999979 9.46687 9.46687
10.399999999999979 9.5725 9.5725
10.499999999999979 9.5725 9.5725
10.599999999999978 9.67696 9.67696
10.699999999999978 9.7803 9.7803
10.799999999999978 9.7803 9.7803
10.899999999999977 9.88255 9.88255
10.999999999999977 9.88255 9.88255
11.099999999999977 9.98374 9.98374
11.199999999999976 10.0839 10.0839
11.299999999999976 10.0839 10.0839
11.399999999999975 10.1831 10.1831
11.499999999999975 10.1831 10.1831
11.599999999999975 10.2813 10.2813
11.699999999999974 10.3785 10.3785
11.799999999999974 10.3785 10.3785
11.899999999999974 10.4749 10.4749
11.999999999999973 10.4749 10.4749
12.099999999999973 10.5704 10.5704
12.199999999999973 10.665 10.665
12.299999999999972 10.665 10.665
12.399999999999972 10.7587 10.7587
12.499999999999972 10.7587 10.7587
12.599999999999971 10.8517 10.8517
12.699999999999971 10.9438 10.9438
12.799999999999971 10.9438 10.9438
12.89999999999997 10.9438 10.9438
12.99999999999997 10.9438 10.9438
13.099999999999969 10.9438 10.9438
13.199999999999969 1 1
13.299999999999969 1 1
13.399999999999968 1 1
13.499999999999968 1 1
13.599999999999968 1 1
13.699999999999967 1 1
13.799999999999967 1 1
13.899999999999967 1 1
13.999999999999966 1 1
14.099999999999966 1 1
14.199999999999966 1 1
14.299999999999965 1 1
14.399999999999965 1 1
14.499999999999964 1 1
14.599999999999964 1 1
14.699999999999964 2 2
14.799999999999963 2 2
14.899999999999963 2 2
14.999999999999963 3 3
15.099999999999962 4 4
15.199999999999962 4 4
15.299999999999962 5 5
15.399999999999961 5 5
15.499999999999961 5.2 5.2
15.599999999999961 5.39231 5.39231
15.69999999999996 5.39231 5.39231
15.79999999999996 5.57776 5.57776
15.899999999999959 5.57776 5.57776
15.999999999999959 5.75704 5.75704
16.099999999999959 5.93074 5.93074
16.19999999999996 5.93074 5.93074
16.299999999999962 6.09935 6.09935
16.399999999999963 6.09935 6.09935
16.499999999999964 6.26331 6.26331
16.599999999999966 6.42297 6.42297
16.699999999999967 6.42297 6.42297
16.799999999999969 6.57866 6.57866
16.89999999999997 6.57866 6.57866
16.999999999999972 6.73066 6.73066
17.099999999999973 6.87924 6.87924
17.199999999999974 6.87924 6.87924
17.299999999999976 7.0246 7.0246
17.399999999999977 7.0246 7.0246
17.499999999999979 7.16696 7.16696
17.59999999999998 7.30649 7.30649
17.699999999999982 7.30649 7.30649
17.799999999999983 7.44335 7.44335
17.899999999999984 7.44335 7.44335
17.999999999999986 7.5777 7.5777
18.099999999999987 7.70967 7.70967
18.199999999999989 7.70967 7.70967
18.29999999999999 7.83937 7.83937
18.399999999999991 7.83937 7.83937
18.499999999999993 7.96694 7.96694
18.599999999999994 8.09245 8.09245
18.699999999999996 8.09245 8.09245
18.799999999999997 8.21603 8.21603
18.899999999999999 8.21603 8.21603
19 8.33774 8.33774
19.100000000000001 8.45768 8.45768
19.200000000000003 8.45768 8.45768
19.300000000000004 8.57591 8.57591
19.400000000000006 8.69252 8.69252
19.500000000000007 8.69252 8.69252
19.600000000000009 8.80756 8.80756
19.70000000000001 8.80756 8.80756
19.800000000000011 8.9211 8.9211
19.900000000000013 9.03319 9.03319
20.000000000000014 9.03319 9.03319
20.100000000000016 9.14389 9.14389
20.200000000000017 9.14389 9.14389
20.300000000000018 9.25326 9.25326
20.40000000000002 9.36133 9.36133
20.500000000000021 9.36133 9.36133
20.600000000000023 9.46815 9.46815
20.700000000000024 9.46815 9.46815
20.800000000000026 9.57377 9.57377
20.900000000000027 9.67822 9.67822
21.000000000000028 9.67822 9.67822
21.10000000000003 9.78154 9.78154
21.200000000000031 9.78154 9.78154
21.300000000000033 9.88378 9.88378
21.400000000000034 9.98495 9.98495
21.500000000000036 9.98495 9.98495
21.600000000000037 10.0851 10.0851
21.700000000000038 10.0851 10.0851
21.80000000000004 10.1843 10.1843
21.900000000000041 10.2825 10.2825
22.000000000000043 10.2825 10.2825
22.100000000000044 10.3797 10.3797
22.200000000000045 10.3797 10.3797
22.300000000000047 10.476 10.476
22.400000000000048 10.5715 10.5715
22.50000000000005 10.5715 10.5715
22.600000000000051 10.6661 10.6661
22.700000000000053 10.6661 10.6661
22.800000000000054 10.7599 10.7599
22.900000000000055 10.8528 10.8528
23.000000000000057 10.8528 10.8528
23.100000000000058 10.9449 10.9449
23.20000000000006 10.9449 10.9449
23.300000000000061 10.9449 10.9449
23.400000000000063 10.9449 10.9449
23.500000000000064 10.9449 10.9449
23.600000000000065 1 1
23.700000000000067 1 1
23.800000000000068 1 1
23.90000000000007 1 1
24.000000000000071 1 1
24.100000000000072 1 1
24.200000000000074 1 1
24.300000000000075 1 1
24.400000000000077 1 1
24.500000000000078 1 1
24.60000000000008 1 1
24.700000000000081 1 1
24.800000000000082 1 1
24.900000000000084 1 1
25.000000000000085 1 1
25.100000000000087 2 2
25.200000000000088 2 2
25.30000000000009 3 3
25.400000000000091 3 3
25.500000000000092 4 4
25.600000000000094 4 4
25.700000000000095 5 5
25.800000000000097 5.2 5.2
25.900000000000098 5.2 5.2
26.000000000000099 5.39231 5.39231
26.100000000000101 5.39231 5.39231
26.200000000000102 5.57776 5.57776
26.300000000000104 5.75704 5.75704
26.400000000000105 5.75704 5.75704
26.500000000000107 5.93074 5.93074
26.600000000000108 5.93074 5.93074
26.700000000000109 6.09935 6.09935
26.800000000000111 6.26331 6.26331
26.900000000000112 6.26331 6.26331
27.000000000000114 6.42297 6.42297
27.100000000000115 6.42297 6.42297
27.200000000000117 6.57866 6.57866
27.300000000000118 6.73066 6.73066
27.400000000000119 6.73066 6.73066
27.500000000000121 6.87924 6.87924
27.600000000000122 6.87924 6.87924
27.700000000000124 7.0246 7.0246
27.800000000000125 7.16696 7.16696
27.900000000000126 7.16696 7.16696
28.000000000000128 7.30649 7.30649
28.100000000000129 7.30649 7.30649
28.200000000000131 7.44335 7.44335
28.300000000000132 7.5777 7.5777
28.400000000000134 7.5777 7.5777
28.500000000000135 7.70967 7.70967
28.600000000000136 7.70967 7.70967
28.700000000000138 7.83937 7.83937
28.800000000000139 7.96694 7.96694
28.900000000000141 7.96694 7.96694
29.000000000000142 8.09245 8.09245
29.100000000000144 8.09245 8.09245
29.200000000000145 8.21603 8.21603
29.300000000000146 8.33774 8.33774
29.400000000000148 8.33774 8.33774
29.500000000000149 8.45768 8.45768
29.600000000000151 8.45768 8.45768
29.700000000000152 8.57591 8.57591
29.800000000000153 8.69252 8.69252
29.900000000000155 8.69252 8.69252
30.000000000000156 8.80756 8.80756
30.100000000000158 8.80756 8.80756
30.200000000000159 8.9211 8.9211
30.300000000000161 9.03319 9.03319
30.400000000000162 9.03319 9.03319
30.500000000000163 9.14389 9.14389
30.600000000000165 9.14389 9.14389
30.700000000000166 9.25326 9.25326
30.800000000000168 9.36133 9.36133
30.900000000000169 9.36133 9.36133
31.000000000000171 9.46815 9.46815
31.100000000000172 9.46815 9.46815
31.200000000000173 9.57377 9.57377
31.300000000000175 9.67822 9.67822
31.400000000000176 9.67822 9.67822
31.500000000000178 9.78154 9.78154
31.600000000000179 9.78154 9.78154
31.70000000000018 9.88378 9.88378
31.800000000000182 9.98495 9.98495
31.900000000000183 9.98495 9.98495
32.000000000000185 10.0851 10.0851
32.100000000000186 10.0851 10.0851
32.200000000000188 10.1843 10.1843
32.300000000000189 10.2825 10.2825
32.40000000000019 10.2825 10.2825
32.500000000000192 10.3797 10.3797
32.600000000000193 10.3797 10.3797
32.700000000000195 10.476 10.476
32.800000000000196 10.5715 10.5715
32.900000000000198 10.5715 10.5715
33.000000000000199 10.6661 10.6661
33.1000000000002 10.7599 10.7599
33.200000000000202 10.7599 10.7599
33.300000000000203 10.8528 10.8528
33.400000000000205 10.8528 10.8528
33.500000000000206 10.9449 10.9449
33.600000000000207 10.9449 10.9449
33.700000000000209 10.9449 10.9449
33.80000000000021 10.9449 10.9449
33.900000000000212 10.9449 10.9449
34.000000000000213 1 1
34.100000000000215 1 1
34.200000000000216 1 1
34.300000000000217 1 1
34.400000000000219 1 1
34.50000000000022 1 1
34.600000000000222 1 1
34.700000000000223 1 1
34.800000000000225 1 1
34.900000000000226 1 1
35.000000000000227 1 1
35.100000000000229 1 1
35.20000000000023 1 1
35.300000000000232 1 1
35.400000000000233 1 1
35.500000000000234 2 2
35.600000000000236 2 2
35.700000000000237 3 3
35.800000000000239 3 3
35.90000000000024 4 4
36.000000000000242 5 5
36.100000000000243 5 5
36.200000000000244 5.2 5.2
36.300000000000246 5.2 5.2
36.400000000000247 5.39231 5.39231
36.500000000000249 5.57776 5.57776
36.60000000000025 5.57776 5.57776
36.700000000000252 5.75704 5.75704
36.800000000000253 5.75704 5.75704
36.900000000000254 5.93074 5.93074
37.000000000000256 6.09935 6.09935
37.100000000000257 6.09935 6.09935
37.200000000000259 6.26331 6.26331
37.30000000000026 6.26331 6.26331
37.400000000000261 6.42297 6.42297
37.500000000000263 6.57866 6.57866
37.600000000000264 6.57866 6.57866
37.700000000000266 6.73066 6.73066
37.800000000000267 6.73066 6.73066
37.900000000000269 6.87924 6.87924
38.00000000000027 7.0246 7.0246
38.100000000000271 7.0246 7.0246
38.200000000000273 7.16696 7.16696
38.300000000000274 7.16696 7.16696
38.400000000000276 7.30649 7.30649
38.500000000000277 7.44335 7.44335
38.600000000000279 7.44335 7.44335
38.70000000000028 7.5777 7.5777
38.800000000000281 7.5777 7.5777
38.900000000000283 7.70967 7.70967
39.000000000000284 7.83937 7.83937
39.100000000000286 7.83937 7.83937
39.200000000000287 7.96694 7.96694
39.300000000000288 7.96694 7.96694
39.40000000000029 8.09245 8.09245
39.500000000000291 8.21603 8.21603
39.600000000000293 8.21603 8.21603
39.700000000000294 8.33774 8.33774
39.800000000000296 8.33774 8.33774
39.900000000000297 8.45768 8.45768
40.000000000000298 8.57591 8.57591
40.1000000000003 8.57591 8.57591
40.200000000000301 8.69252 8.69252
40.300000000000303 8.69252 8.69252
40.400000000000304 8.80756 8.80756
40.500000000000306 8.9211 8.9211
40.600000000000307 8.9211 8.9211
40.700000000000308 9.03319 9.03319
40.80000000000031 9.03319 9.03319
40.900000000000311 9.14389 9.14389
41.000000000000313 9.25326 9.25326
41.100000000000314 9.25326 9.25326
41.200000000000315 9.36133 9.36133
41.300000000000317 9.36133 9.36133
41.400000000000318 9.46815 9.46815
41.50000000000032 9.57377 9.57377
41.600000000000321 9.57377 9.57377
41.700000000000323 9.67822 9.67822
41.800000000000324 9.67822 9.67822
41.900000000000325 9.78154 9.78154
42.000000000000327 9.88378 9.88378
42.100000000000328 9.88378 9.88378
42.20000000000033 9.98495 9.98495
42.300000000000331 9.98495 9.98495
42.400000000000333 10.0851 10.0851
42.500000000000334 10.1843 10.1843
42.600000000000335 10.1843 10.1843
42.700000000000337 10.2825 10.2825
42.800000000000338 10.2825 10.2825
42.90000000000034 10.3797 10.3797
43.000000000000341 10.476 10.476
43.100000000000342 10.476 10.476
43.200000000000344 10.5715 10.5715
43.300000000000345 10.5715 10.5715
43.400000000000347 10.6661 10.6661
43.500000000000348 10.7599 10.7599
43.60000000000035 10.7599 10.7599
43.700000000000351 10.8528 10.8528
43.800000000000352 10.8528 10.8528
43.900000000000354 10.9449 10.9449
44.000000000000355 10.9449 10.9449
44.100000000000357 10.9449 10.9449
44.200000000000358 10.9449 10.9449
44.30000000000036 10.9449 10.9449
44.400000000000361 1 1
44.500000000000362 1 1
44.600000000000364 1 1
44.700000000000365 1 1
44.800000000000367 1 1
44.900000000000368 1 1
45.000000000000369 1 1
45.100000000000371 1 1
45.200000000000372 1 1
45.300000000000374 1 1
45.400000000000375 1 1
45.500000000000377 1 1
45.600000000000378 1 1
45.700000000000379 1 1
45.800000000000381 1 1
45.900000000000382 2 2
46.000000000000384 2 2
46.100000000000385 3 3
46.200000000000387 4 4
46.300000000000388 4 4
46.400000000000389 5 5
46.500000000000391 5 5
46.600000000000392 5.2 5.2
46.700000000000394 5.39231 5.39231
46.800000000000395 5.39231 5.39231
46.900000000000396 5.57776 5.57776
47.000000000000398 5.57776 5.57776
47.100000000000399 5.75704 5.75704
47.200000000000401 5.93074 5.93074
47.300000000000402 5.93074 5.93074
47.400000000000404 6.09935 6.09935
47.500000000000405 6.09935 6.09935
47.600000000000406 6.26331 6.26331
47.700000000000408 6.42297 6.42297
47.800000000000409 6.42297 6.42297
47.900000000000411 6.57866 6.57866
48.000000000000412 6.57866 6.57866
48.100000000000414 6.73066 6.73066
48.200000000000415 6.87924 6.87924
48.300000000000416 6.87924 6.87924
48.400000000000418 7.0246 7.0246
48.500000000000419 7.0246 7.0246
48.600000000000421 7.16696 7.16696
48.700000000000422 7.30649 7.30649
48.800000000000423 7.30649 7.30649
48.900000000000425 7.44335 7.44335
49.000000000000426 7.44335 7.44335
49.100000000000428 7.5777 7.5777
49.200000000000429 7.70967 7.70967
49.300000000000431 7.70967 7.70967
49.400000000000432 7.83937 7.83937
49.500000000000433 7.83937 7.83937
49.600000000000435 7.96694 7.96694
49.700000000000436 8.09245 8.09245
49.800000000000438 8.09245 8.09245
49.900000000000439 8.21603 8.21603
50.000000000000441 8.21603 8.21603
50.100000000000442 8.33774 8.33774
50.200000000000443 8.45768 8.45768
50.300000000000445 8.45768 8.45768
50.400000000000446 8.57591 8.57591
50.500000000000448 8.57591 8.57591
50.600000000000449 8.69252 8.69252
50.70000000000045 8.80756 8.80756
50.800000000000452 8.80756 8.80756
50.900000000000453 8.9211 8.9211
51.000000000000455 8.9211 8.9211
51.100000000000456 9.03319 9.03319
51.200000000000458 9.14389 9.14389
51.300000000000459 9.14389 9.14389
51.40000000000046 9.25326 9.25326
51.500000000000462 9.25326 9.25326
51.600000000000463 9.36133 9.36133
51.700000000000465 9.46815 9.46815
51.800000000000466 9.46815 9.46815
51.900000000000468 9.57377 9.57377
52.000000000000469 9.57377 9.57377
52.10000000000047 9.67822 9.67822
52.200000000000472 9.78154 9.78154
52.300000000000473 9.78154 9.78154
52.400000000000475 9.88378 9.88378
52.500000000000476 9.88378 9.88378
52.600000000000477 9.98495 9.98495
52.700000000000479 10.0851 10.0851
52.80000000000048 10.0851 10.0851
52.900000000000482 10.1843 10.1843
53.000000000000483 10.1843 10.1843
53.100000000000485 10.2825 10.2825
53.200000000000486 10.3797 10.3797
53.300000000000487 10.3797 10.3797
53.400000000000489 10.476 10.476
53.50000000000049 10.476 10.476
53.600000000000492 10.5715 10.5715
53.700000000000493 10.6661 10.6661
53.800000000000495 10.6661 10.6661
53.900000000000496 10.7599 10.7599
54.000000000000497 10.7599 10.7599
54.100000000000499 10.8528 10.8528
54.2000000000005 10.9449 10.9449
54.300000000000502 10.9449 10.9449
54.400000000000503 10.9449 10.9449
54.500000000000504 10.9449 10.9449
54.600000000000506 10.9449 10.9449
54.700000000000507 1 1
54.800000000000509 1 1
54.90000000000051 1 1
55.000000000000512 1 1
55.100000000000513 1 1
55.200000000000514 1 1
55.300000000000516 1 1
55.400000000000517 1 1
55.500000000000519 1 1
55.60000000000052 1 1
55.700000000000522 1 1
55.800000000000523 1 1
55.900000000000524 1 1
56.000000000000526 1 1
56.100000000000527 1 1
56.200000000000529 2 2
56.30000000000053 2 2
56.400000000000531 3 3
56.500000000000533 3 3
56.600000000000534 4 4
56.700000000000536 4 4
56.800000000000537 5 5
56.900000000000539 5.2 5.2
57.00000000000054 5.2 5.2
57.100000000000541 5.39231 5.39231
57.200000000000543 5.39231 5.39231
57.300000000000544 5.57776 5.57776
57.400000000000546 5.75704 5.75704
57.500000000000547 5.75704 5.75704
57.600000000000549 5.93074 5.93074
57.70000000000055 5.93074 5.93074
57.800000000000551 6.09935 6.09935
57.900000000000553 6.26331 6.26331
58.000000000000554 6.26331 6.26331
58.100000000000556 6.42297 6.42297
58.200000000000557 6.42297 6.42297
58.300000000000558 6.57866 6.57866
58.40000000000056 6.73066 6.73066
58.500000000000561 6.73066 6.73066
58.600000000000563 6.87924 6.87924
58.700000000000564 6.87924 6.87924
58.800000000000566 7.0246 7.0246
58.900000000000567 7.16696 7.16696
59.000000000000568 7.16696 7.16696
59.10000000000057 7.30649 7.30649
59.200000000000571 7.30649 7.30649
59.300000000000573 7.44335 7.44335
59.400000000000574 7.5777 7.5777
59.500000000000576 7.5777 7.5777
59.600000000000577 7.70967 7.70967
59.700000000000578 7.70967 7.70967
59.80000000000058 7.83937 7.83937
59.900000000000581 7.96694 7.96694
